# FractureId; NumTraces
0; 7
# TraceId; Tips; Length
0; 0; 6.7471443493720984e-01
6; 0; 6.0955246724863787e-01
5; 0; 4.8118971767339042e-01
3; 0; 3.9439852449745560e-01
1; 1; 4.2680143969791606e-01
4; 1; 4.2160911792667899e-01
2; 1; 1.4605310396686302e-01
# FractureId; NumTraces
1; 29
# TraceId; Tips; Length
25; 0; 9.0393217642189105e-01
28; 0; 6.2866540477648336e-01
17; 0; 3.8492992607914395e-01
19; 0; 3.0318395293005934e-01
34; 0; 2.9093410816150700e-01
14; 0; 1.5575395183890214e-01
23; 0; 1.4004828748305026e-01
9; 1; 9.3741389718636903e-01
29; 1; 9.3360668860935203e-01
32; 1; 9.2452310713592956e-01
26; 1; 8.8368803295815779e-01
30; 1; 8.0266857324260243e-01
7; 1; 6.9334901823859396e-01
31; 1; 6.7416314645497488e-01
20; 1; 6.2264135513783769e-01
15; 1; 5.0797391303725314e-01
16; 1; 4.6385210114130859e-01
12; 1; 4.1882175187814558e-01
11; 1; 3.6286845226982550e-01
10; 1; 3.6084402598645332e-01
35; 1; 3.3268441455391096e-01
22; 1; 2.7949254124386491e-01
8; 1; 2.5690210536291463e-01
24; 1; 2.1802353766625018e-01
27; 1; 1.4498749477242082e-01
33; 1; 1.3793889888406133e-01
18; 1; 1.2447664614277315e-01
21; 1; 3.2205721229196821e-02
13; 1; 1.1440457748453384e-02
# FractureId; NumTraces
2; 6
# TraceId; Tips; Length
0; 0; 6.7471443493720984e-01
37; 0; 1.7440624831934917e-01
36; 1; 6.9672839998550407e-01
38; 1; 5.2300954394792054e-01
39; 1; 4.6934874617055466e-01
40; 1; 3.7954758490435375e-01
# FractureId; NumTraces
3; 29
# TraceId; Tips; Length
66; 0; 6.5944790181641166e-01
57; 0; 6.4832288190895959e-01
64; 0; 6.3129751615244645e-01
53; 0; 6.3045861598887976e-01
45; 0; 5.7390811464565505e-01
48; 0; 3.2597142212739499e-01
59; 0; 2.4769903947436192e-01
44; 0; 1.8996706192210258e-01
41; 0; 1.7285713851104545e-01
7; 1; 6.9334901823859396e-01
52; 1; 6.4841762967191341e-01
65; 1; 6.2336405286413044e-01
58; 1; 5.9895445080443543e-01
62; 1; 5.7553208173634163e-01
42; 1; 5.3982200587684581e-01
43; 1; 5.0269084482302506e-01
67; 1; 4.8786620638736838e-01
50; 1; 3.6637188742059529e-01
60; 1; 3.5306434734383679e-01
47; 1; 3.1618758581756456e-01
56; 1; 3.1062652326103463e-01
54; 1; 3.0678991271705097e-01
63; 1; 2.9816793324690599e-01
61; 1; 2.8873677541999332e-01
51; 1; 2.8604972919225713e-01
46; 1; 2.1108417996010384e-01
49; 1; 2.0628574193534774e-01
55; 1; 1.1323699097574415e-01
68; 1; 2.5581278438586992e-02
# FractureId; NumTraces
4; 23
# TraceId; Tips; Length
81; 0; 8.7741980933355057e-01
76; 0; 1.4828813920453837e-01
70; 0; 5.1344459412477908e-02
86; 1; 8.9560207437027972e-01
89; 1; 7.0160779672323104e-01
82; 1; 6.5083394501698943e-01
80; 1; 6.3069832728828168e-01
87; 1; 6.2687452207338412e-01
90; 1; 5.8102259934463407e-01
88; 1; 5.2789646453839467e-01
73; 1; 5.2753809088190018e-01
75; 1; 5.2284873226797379e-01
71; 1; 4.9334759254711774e-01
74; 1; 4.5977394119010534e-01
83; 1; 4.2156776278981545e-01
85; 1; 4.0879329399964287e-01
69; 1; 3.6951510369423823e-01
84; 1; 2.9325172090586371e-01
8; 1; 2.5690210536291463e-01
72; 1; 2.0730281162183353e-01
77; 1; 1.7500582881682741e-01
78; 1; 1.4229570102831179e-01
79; 1; 6.0080722747593449e-02
# FractureId; NumTraces
5; 19
# TraceId; Tips; Length
100; 0; 8.0011000011290989e-01
99; 0; 7.6128311330849008e-01
92; 0; 1.8037308236993038e-01
93; 0; 1.4546681590113203e-01
9; 1; 9.3741389718636903e-01
103; 1; 5.4193063526718221e-01
102; 1; 4.5828326496382832e-01
104; 1; 4.5793878923464454e-01
91; 1; 4.1816157727458703e-01
69; 1; 3.6951510369423823e-01
101; 1; 3.4256644263550540e-01
96; 1; 3.1802728350911863e-01
95; 1; 3.1592384318204869e-01
105; 1; 2.3886239058765787e-01
107; 1; 2.2390863664954200e-01
94; 1; 1.5014470862621834e-01
106; 1; 1.2220046815910005e-01
98; 1; 1.0041749859015381e-01
97; 1; 6.7464180324003850e-02
# FractureId; NumTraces
6; 7
# TraceId; Tips; Length
36; 1; 6.9672839998550407e-01
1; 1; 4.2680143969791606e-01
112; 1; 1.9596735547721914e-01
109; 1; 1.5242556599522333e-01
110; 1; 1.4973175970221292e-01
111; 1; 3.7749700950232917e-02
108; 1; 8.1023930923595690e-03
# FractureId; NumTraces
7; 24
# TraceId; Tips; Length
120; 0; 9.9493753841209853e-01
117; 0; 8.6276525116766212e-01
124; 0; 7.3599990753973865e-01
121; 0; 7.1387476419108054e-01
129; 0; 5.0797228821189988e-01
114; 0; 4.1238289690281027e-01
122; 0; 2.5846507698565868e-01
41; 0; 1.7285713851104545e-01
132; 1; 7.9741057504480051e-01
123; 1; 5.3336313639516497e-01
130; 1; 5.2989735850812225e-01
128; 1; 5.2803578637605542e-01
113; 1; 5.2086105275162520e-01
131; 1; 4.4791420058171444e-01
10; 1; 3.6084402598645332e-01
119; 1; 3.3904431391603040e-01
118; 1; 3.0595373515579266e-01
127; 1; 2.1755214765727460e-01
134; 1; 1.8857250202010531e-01
115; 1; 1.2603545620209725e-01
126; 1; 1.1369984160350596e-01
133; 1; 1.0716343122549349e-01
116; 1; 4.2249225726658665e-02
125; 1; 9.4905881960352448e-03
# FractureId; NumTraces
8; 9
# TraceId; Tips; Length
138; 0; 3.3767888439838573e-01
140; 0; 1.0749675506845328e-01
135; 1; 6.0759601814421049e-01
139; 1; 3.5094448774549092e-01
136; 1; 3.2461084958832137e-01
137; 1; 2.5879726107968903e-01
142; 1; 1.6236851154716458e-01
2; 1; 1.4605310396686302e-01
141; 1; 7.8843755929514439e-02
# FractureId; NumTraces
9; 22
# TraceId; Tips; Length
151; 0; 7.1535205763484022e-01
144; 0; 4.8298143698395496e-01
149; 0; 3.9088120433452117e-01
146; 0; 2.2948873112094262e-01
156; 0; 1.2859362082504747e-01
70; 0; 5.1344459412477908e-02
158; 1; 5.7681392653823615e-01
148; 1; 5.4824912211249832e-01
42; 1; 5.3982200587684581e-01
155; 1; 5.3605405198337919e-01
113; 1; 5.2086105275162520e-01
152; 1; 5.1061979220506304e-01
153; 1; 4.7522431936079246e-01
160; 1; 3.7755496131912908e-01
11; 1; 3.6286845226982550e-01
159; 1; 3.4926060408786769e-01
150; 1; 3.2472319566450430e-01
147; 1; 3.2448070218554637e-01
143; 1; 2.6469561061149333e-01
154; 1; 2.1543647821038073e-01
157; 1; 1.7965686602168338e-01
145; 1; 8.6767193239245338e-02
# FractureId; NumTraces
10; 28
# TraceId; Tips; Length
162; 0; 1.1059679206308382e+00
183; 0; 9.9849660171934940e-01
161; 0; 7.0615194598080222e-01
180; 0; 5.6938502417703540e-01
163; 0; 3.7499341735129743e-01
178; 0; 3.3129266381255851e-01
179; 0; 6.1036514153672658e-02
177; 0; 4.9589421373269785e-02
166; 1; 9.1180787712735489e-01
165; 1; 8.9344226089632450e-01
169; 1; 8.8777586775709461e-01
173; 1; 8.0899334561787051e-01
171; 1; 7.6690482068332644e-01
184; 1; 6.9434509606636297e-01
175; 1; 6.5463051593251886e-01
170; 1; 6.0907503004802821e-01
43; 1; 5.0269084482302506e-01
71; 1; 4.9334759254711774e-01
164; 1; 4.6053016527194829e-01
182; 1; 4.2422191302321977e-01
12; 1; 4.1882175187814558e-01
91; 1; 4.1816157727458703e-01
167; 1; 4.1798765587969688e-01
176; 1; 3.9830064002733406e-01
174; 1; 3.7856466366688690e-01
181; 1; 2.2143426630877736e-01
168; 1; 1.8829959712507519e-01
172; 1; 8.7965946751515575e-03
# FractureId; NumTraces
11; 22
# TraceId; Tips; Length
198; 0; 1.2188468145802751e+00
200; 0; 6.1234732468180042e-01
194; 0; 5.0627045363944079e-01
114; 0; 4.1238289690281027e-01
3; 0; 3.9439852449745560e-01
192; 0; 2.8851619876241535e-01
188; 0; 1.0477358321673670e-01
187; 0; 1.0296992401265122e-01
189; 1; 1.0648771738260840e+00
186; 1; 8.2776979494388436e-01
185; 1; 6.0693139225329529e-01
190; 1; 6.0349437559238295e-01
202; 1; 5.4757687624136009e-01
193; 1; 4.5521825605442684e-01
197; 1; 2.9531317310365923e-01
143; 1; 2.6469561061149333e-01
196; 1; 2.4469509490708494e-01
199; 1; 1.2781400211742835e-01
191; 1; 3.5421316955079864e-02
195; 1; 2.9980431022665073e-02
201; 1; 1.8188533229440466e-02
13; 1; 1.1440457748453384e-02
# FractureId; NumTraces
12; 15
# TraceId; Tips; Length
203; 0; 5.8495333437547492e-01
206; 0; 4.3459483311429092e-01
211; 1; 1.0614251912418557e+00
135; 1; 6.0759601814421049e-01
185; 1; 6.0693139225329529e-01
204; 1; 4.9881610400579968e-01
213; 1; 3.6687504891024769e-01
208; 1; 3.6482203614073894e-01
212; 1; 3.3489708988538902e-01
207; 1; 3.1474238645272762e-01
205; 1; 2.8181181388440441e-01
210; 1; 1.5758016341451658e-01
115; 1; 1.2603545620209725e-01
108; 1; 8.1023930923595690e-03
209; 1; 6.5340490992791041e-03
# FractureId; NumTraces
13; 20
# TraceId; Tips; Length
220; 0; 7.5816410239208876e-01
161; 0; 7.0615194598080222e-01
229; 0; 5.7302825171340677e-01
216; 0; 4.8928048764886478e-01
44; 0; 1.8996706192210258e-01
218; 0; 9.3868185844017432e-02
215; 0; 3.4258098207869863e-04
223; 1; 6.7825564302855668e-01
224; 1; 6.6877334178572800e-01
222; 1; 6.6825684774495753e-01
219; 1; 6.1764824218000469e-01
226; 1; 6.0020545214109977e-01
228; 1; 5.3204109757757312e-01
214; 1; 4.9386615504377207e-01
217; 1; 4.7816616804745393e-01
221; 1; 4.6689682389788484e-01
72; 1; 2.0730281162183353e-01
227; 1; 1.2636491986430673e-01
225; 1; 7.5059229172484102e-02
116; 1; 4.2249225726658665e-02
# FractureId; NumTraces
14; 31
# TraceId; Tips; Length
162; 0; 1.1059679206308382e+00
235; 0; 9.8131160857697952e-01
233; 0; 8.8248469577413224e-01
117; 0; 8.6276525116766212e-01
237; 0; 8.4413157921099147e-01
232; 0; 6.1228031129643568e-01
230; 0; 6.0485951235049962e-01
203; 0; 5.8495333437547492e-01
45; 0; 5.7390811464565505e-01
144; 0; 4.8298143698395496e-01
236; 0; 2.9163550699945973e-01
37; 0; 1.7440624831934917e-01
14; 0; 1.5575395183890214e-01
239; 1; 1.4946028386702261e+00
249; 1; 1.3383640386948075e+00
242; 1; 1.0326102134305755e+00
246; 1; 9.3656780717898946e-01
243; 1; 8.8545561466730127e-01
231; 1; 8.4763098081450783e-01
186; 1; 8.2776979494388436e-01
248; 1; 8.0728361418382755e-01
250; 1; 7.5941559832113847e-01
245; 1; 6.9425990821379036e-01
244; 1; 6.5648761976084946e-01
247; 1; 6.3386563686568342e-01
234; 1; 5.9725329824506768e-01
238; 1; 5.8490672423816537e-01
73; 1; 5.2753809088190018e-01
214; 1; 4.9386615504377207e-01
240; 1; 3.5698050371977169e-01
241; 1; 3.0293484895823419e-01
# FractureId; NumTraces
15; 21
# TraceId; Tips; Length
230; 0; 6.0485951235049962e-01
253; 0; 3.7004351762862092e-01
215; 0; 3.4258098207869863e-04
258; 1; 9.4157435013696122e-01
254; 1; 7.4207253052710243e-01
251; 1; 6.9767992464120865e-01
259; 1; 5.1876352563441186e-01
204; 1; 4.9881610400579968e-01
252; 1; 4.3816375382347528e-01
262; 1; 3.9292902289345577e-01
263; 1; 3.8093407970350907e-01
136; 1; 3.2461084958832137e-01
256; 1; 3.1319653400015235e-01
118; 1; 3.0595373515579266e-01
261; 1; 2.1957512729561762e-01
46; 1; 2.1108417996010384e-01
109; 1; 1.5242556599522333e-01
255; 1; 1.5119049650334160e-01
257; 1; 1.2802098645861887e-01
145; 1; 8.6767193239245338e-02
260; 1; 4.1646606643643280e-02
# FractureId; NumTraces
16; 19
# TraceId; Tips; Length
268; 0; 7.2374329895625011e-01
272; 0; 6.4869576984735744e-01
216; 0; 4.8928048764886478e-01
163; 0; 3.7499341735129743e-01
278; 0; 1.7152211529734468e-01
264; 0; 1.3335016800802454e-01
231; 1; 8.4763098081450783e-01
273; 1; 7.5043391029709894e-01
276; 1; 6.3465031905048264e-01
266; 1; 6.2035706557642667e-01
265; 1; 5.5575048792071391e-01
267; 1; 5.2030519809910836e-01
270; 1; 5.0885998254446663e-01
277; 1; 4.9284768261492201e-01
74; 1; 4.5977394119010534e-01
275; 1; 3.9313437954554198e-01
271; 1; 2.6588082192644524e-01
269; 1; 2.4586594132640938e-01
274; 1; 2.2091967426285641e-01
# FractureId; NumTraces
17; 14
# TraceId; Tips; Length
283; 0; 5.7813318023177240e-01
282; 0; 5.7141276143016972e-01
288; 0; 3.0027098848061817e-01
92; 0; 1.8037308236993038e-01
264; 0; 1.3335016800802454e-01
279; 1; 7.2096251388833754e-01
75; 1; 5.2284873226797379e-01
281; 1; 5.1449486644396125e-01
15; 1; 5.0797391303725314e-01
284; 1; 3.9728717813407921e-01
285; 1; 3.1081710518495498e-01
287; 1; 1.2523403959159565e-01
280; 1; 1.2244077852624441e-01
286; 1; 1.5334234204167350e-03
# FractureId; NumTraces
18; 22
# TraceId; Tips; Length
232; 0; 6.1228031129643568e-01
298; 0; 1.5471811972642158e-01
76; 0; 1.4828813920453837e-01
93; 0; 1.4546681590113203e-01
303; 1; 9.5034609099066358e-01
293; 1; 7.3941562791058091e-01
301; 1; 6.0398663078303838e-01
299; 1; 5.7845539597583251e-01
300; 1; 5.7349749831047225e-01
302; 1; 5.7226407872323370e-01
265; 1; 5.5575048792071391e-01
290; 1; 5.2825705364916253e-01
217; 1; 4.7816616804745393e-01
16; 1; 4.6385210114130859e-01
164; 1; 4.6053016527194829e-01
291; 1; 3.7981880314494137e-01
294; 1; 3.5349957052471909e-01
292; 1; 2.6881583157071798e-01
295; 1; 2.0183382647542752e-01
289; 1; 1.3457166423854372e-01
297; 1; 1.1346007221431889e-01
296; 1; 1.0847641805485216e-01
# FractureId; NumTraces
19; 13
# TraceId; Tips; Length
307; 0; 7.1282370419629681e-01
17; 0; 3.8492992607914395e-01
218; 0; 9.3868185844017432e-02
279; 1; 7.2096251388833754e-01
266; 1; 6.2035706557642667e-01
311; 1; 5.1849789208316555e-01
310; 1; 4.1137564240800989e-01
306; 1; 4.0979010525824011e-01
308; 1; 3.7838499031190365e-01
305; 1; 3.7250681748203807e-01
309; 1; 2.7273963741562435e-01
289; 1; 1.3457166423854372e-01
304; 1; 2.8412567098885917e-02
# FractureId; NumTraces
20; 7
# TraceId; Tips; Length
312; 0; 5.9835354302756250e-01
314; 0; 5.9249086595994727e-01
313; 0; 1.2889594698634532e-01
187; 0; 1.0296992401265122e-01
38; 1; 5.2300954394792054e-01
137; 1; 2.5879726107968903e-01
110; 1; 1.4973175970221292e-01
# FractureId; NumTraces
21; 32
# TraceId; Tips; Length
316; 0; 9.6237669143164084e-01
233; 0; 8.8248469577413224e-01
323; 0; 4.1444694135893811e-01
317; 0; 4.1095894502540886e-01
146; 0; 2.2948873112094262e-01
330; 0; 1.8560664643469071e-01
188; 0; 1.0477358321673670e-01
165; 1; 8.9344226089632450e-01
334; 1; 7.0977970367169751e-01
251; 1; 6.9767992464120865e-01
219; 1; 6.1764824218000469e-01
321; 1; 6.1747279010479728e-01
326; 1; 6.1695784848523849e-01
333; 1; 6.0896475776060732e-01
290; 1; 5.2825705364916253e-01
267; 1; 5.2030519809910836e-01
319; 1; 4.5992181152418043e-01
331; 1; 4.5027101641261663e-01
324; 1; 3.9889715492935668e-01
320; 1; 3.8125375513747062e-01
119; 1; 3.3904431391603040e-01
329; 1; 3.2322824465650823e-01
328; 1; 3.2000147013463709e-01
205; 1; 2.8181181388440441e-01
327; 1; 2.0981623661718235e-01
332; 1; 2.0034734196697462e-01
322; 1; 1.8790517818365246e-01
325; 1; 1.7110353476012441e-01
315; 1; 1.6816275349356877e-01
318; 1; 1.5996254949720243e-01
94; 1; 1.5014470862621834e-01
18; 1; 1.2447664614277315e-01
# FractureId; NumTraces
22; 23
# TraceId; Tips; Length
120; 0; 9.9493753841209853e-01
312; 0; 5.9835354302756250e-01
206; 0; 4.3459483311429092e-01
342; 0; 9.5965957148852643e-02
189; 1; 1.0648771738260840e+00
339; 1; 8.6375666718228183e-01
343; 1; 8.5015841269920367e-01
335; 1; 6.1898224823853354e-01
234; 1; 5.9725329824506768e-01
338; 1; 4.9703175961981039e-01
4; 1; 4.2160911792667899e-01
347; 1; 3.9850311865155524e-01
345; 1; 3.6092668112324516e-01
147; 1; 3.2448070218554637e-01
47; 1; 3.1618758581756456e-01
341; 1; 2.5745090772180412e-01
337; 1; 2.3423202477595242e-01
336; 1; 2.0888544717545282e-01
315; 1; 1.6816275349356877e-01
340; 1; 1.4783836405562725e-01
344; 1; 1.4529971490089197e-01
346; 1; 9.5044694975166530e-02
348; 1; 5.5127780077848292e-02
# FractureId; NumTraces
23; 28
# TraceId; Tips; Length
235; 0; 9.8131160857697952e-01
316; 0; 9.6237669143164084e-01
220; 0; 7.5816410239208876e-01
268; 0; 7.2374329895625011e-01
121; 0; 7.1387476419108054e-01
48; 0; 3.2597142212739499e-01
353; 0; 2.0962264456551669e-01
352; 1; 1.3300331137214059e+00
350; 1; 9.5462523364385488e-01
166; 1; 9.1180787712735489e-01
359; 1; 8.8212758396687196e-01
362; 1; 7.4673713670490427e-01
363; 1; 6.8553782288197951e-01
354; 1; 6.8526175581343107e-01
355; 1; 6.5495659492842329e-01
357; 1; 6.4675749893412782e-01
335; 1; 6.1898224823853354e-01
356; 1; 6.0582187790190545e-01
190; 1; 6.0349437559238295e-01
349; 1; 5.9807208019662961e-01
360; 1; 5.9672111346388002e-01
148; 1; 5.4824912211249832e-01
252; 1; 4.3816375382347528e-01
207; 1; 3.1474238645272762e-01
77; 1; 1.7500582881682741e-01
361; 1; 1.2421265986495557e-01
351; 1; 7.9836739385102759e-02
358; 1; 1.8269470125619067e-02
# FractureId; NumTraces
24; 20
# TraceId; Tips; Length
372; 0; 9.1594720327221812e-01
317; 0; 4.1095894502540886e-01
253; 0; 3.7004351762862092e-01
138; 0; 3.3767888439838573e-01
236; 0; 2.9163550699945973e-01
371; 0; 2.1868792004327742e-01
367; 0; 2.0842563303540923e-01
364; 0; 1.7327692022259764e-01
349; 1; 5.9807208019662961e-01
221; 1; 4.6689682389788484e-01
167; 1; 4.1798765587969688e-01
291; 1; 3.7981880314494137e-01
365; 1; 3.2320722978942407e-01
370; 1; 2.5372247623403865e-01
269; 1; 2.4586594132640938e-01
368; 1; 2.3411656572665804e-01
366; 1; 2.0922272072655762e-01
49; 1; 2.0628574193534774e-01
369; 1; 1.4623086939220700e-01
304; 1; 2.8412567098885917e-02
# FractureId; NumTraces
25; 14
# TraceId; Tips; Length
19; 0; 3.0318395293005934e-01
122; 0; 2.5846507698565868e-01
374; 1; 8.4738823699890364e-01
377; 1; 5.8668959231179119e-01
378; 1; 5.0999038075769143e-01
50; 1; 3.6637188742059529e-01
373; 1; 3.2337647737518926e-01
95; 1; 3.1592384318204869e-01
375; 1; 3.0109577005753946e-01
336; 1; 2.0888544717545282e-01
318; 1; 1.5996254949720243e-01
376; 1; 1.4677487957712490e-01
280; 1; 1.2244077852624441e-01
191; 1; 3.5421316955079864e-02
# FractureId; NumTraces
26; 11
# TraceId; Tips; Length
380; 0; 4.6734052579369417e-01
149; 0; 3.9088120433452117e-01
382; 0; 3.8009660923537175e-01
381; 0; 1.2046312069858915e-01
20; 1; 6.2264135513783769e-01
379; 1; 3.5849312813247464e-01
96; 1; 3.1802728350911863e-01
51; 1; 2.8604972919225713e-01
168; 1; 1.8829959712507519e-01
78; 1; 1.4229570102831179e-01
383; 1; 7.7910213708733675e-02
# FractureId; NumTraces
27; 31
# TraceId; Tips; Length
237; 0; 8.4413157921099147e-01
192; 0; 2.8851619876241535e-01
364; 0; 1.7327692022259764e-01
387; 0; 1.5364841990270361e-01
350; 1; 9.5462523364385488e-01
169; 1; 8.8777586775709461e-01
390; 1; 7.6222154856684354e-01
254; 1; 7.4207253052710243e-01
385; 1; 7.1993853745243352e-01
396; 1; 6.7616921434791166e-01
392; 1; 6.6832441573916379e-01
222; 1; 6.6825684774495753e-01
52; 1; 6.4841762967191341e-01
123; 1; 5.3336313639516497e-01
270; 1; 5.0885998254446663e-01
394; 1; 4.6770087452259018e-01
319; 1; 4.5992181152418043e-01
388; 1; 4.2360347217407990e-01
397; 1; 3.7331556112257119e-01
208; 1; 3.6482203614073894e-01
393; 1; 3.3151819618747258e-01
150; 1; 3.2472319566450430e-01
292; 1; 2.6881583157071798e-01
384; 1; 2.4376424681270967e-01
337; 1; 2.3423202477595242e-01
391; 1; 1.9903200414361202e-01
389; 1; 1.4519292548355767e-01
386; 1; 1.2907603797750650e-01
395; 1; 9.9297097086766539e-02
97; 1; 6.7464180324003850e-02
21; 1; 3.2205721229196821e-02
# FractureId; NumTraces
28; 19
# TraceId; Tips; Length
401; 0; 6.7255169337014775e-01
402; 0; 2.6448651278908525e-01
403; 1; 8.7201812790973088e-01
293; 1; 7.3941562791058091e-01
170; 1; 6.0907503004802821e-01
238; 1; 5.8490672423816537e-01
399; 1; 4.0898971470546736e-01
320; 1; 3.8125375513747062e-01
305; 1; 3.7250681748203807e-01
365; 1; 3.2320722978942407e-01
22; 1; 2.7949254124386491e-01
271; 1; 2.6588082192644524e-01
384; 1; 2.4376424681270967e-01
255; 1; 1.5119049650334160e-01
398; 1; 8.8697810397097510e-02
351; 1; 7.9836739385102759e-02
79; 1; 6.0080722747593449e-02
209; 1; 6.5340490992791041e-03
400; 1; 6.5333721697735676e-03
# FractureId; NumTraces
29; 30
# TraceId; Tips; Length
413; 0; 8.2743771165772684e-01
411; 0; 7.8709745664365127e-01
124; 0; 7.3599990753973865e-01
151; 0; 7.1535205763484022e-01
272; 0; 6.4869576984735744e-01
53; 0; 6.3045861598887976e-01
408; 0; 3.1484993985536430e-01
23; 0; 1.4004828748305026e-01
405; 0; 4.2640788759964209e-02
239; 1; 1.4946028386702261e+00
415; 1; 1.3376069172495557e+00
352; 1; 1.3300331137214059e+00
410; 1; 8.6371444172994061e-01
171; 1; 7.6690482068332644e-01
385; 1; 7.1993853745243352e-01
223; 1; 6.7825564302855668e-01
80; 1; 6.3069832728828168e-01
321; 1; 6.1747279010479728e-01
407; 1; 6.1348471200489718e-01
409; 1; 5.3708322507412720e-01
338; 1; 4.9703175961981039e-01
193; 1; 4.5521825605442684e-01
294; 1; 3.5349957052471909e-01
256; 1; 3.1319653400015235e-01
404; 1; 2.8605697120784523e-01
412; 1; 2.8413320620788474e-01
210; 1; 1.5758016341451658e-01
98; 1; 1.0041749859015381e-01
414; 1; 9.2286857992465485e-02
406; 1; 8.2193698631917958e-02
# FractureId; NumTraces
30; 13
# TraceId; Tips; Length
99; 0; 7.6128311330849008e-01
416; 0; 7.0531627014905451e-01
417; 1; 6.6352905733044432e-01
419; 1; 5.6417288082499284e-01
281; 1; 5.1449486644396125e-01
306; 1; 4.0979010525824011e-01
418; 1; 3.5868581597421839e-01
379; 1; 3.5849312813247464e-01
54; 1; 3.0678991271705097e-01
421; 1; 2.9355110543836499e-01
24; 1; 2.1802353766625018e-01
420; 1; 1.1225651454970188e-01
172; 1; 8.7965946751515575e-03
# FractureId; NumTraces
31; 7
# TraceId; Tips; Length
422; 0; 5.9193615012584921e-01
194; 0; 5.0627045363944079e-01
353; 0; 2.0962264456551669e-01
339; 1; 8.6375666718228183e-01
139; 1; 3.5094448774549092e-01
111; 1; 3.7749700950232917e-02
125; 1; 9.4905881960352448e-03
# FractureId; NumTraces
32; 16
# TraceId; Tips; Length
81; 0; 8.7741980933355057e-01
424; 0; 3.2332056345445548e-01
427; 0; 2.0484732564070951e-01
425; 1; 8.3468425922822209e-01
173; 1; 8.0899334561787051e-01
273; 1; 7.5043391029709894e-01
354; 1; 6.8526175581343107e-01
423; 1; 6.7099456032597060e-01
224; 1; 6.6877334178572800e-01
240; 1; 3.5698050371977169e-01
426; 1; 3.0002900734229432e-01
404; 1; 2.8605697120784523e-01
295; 1; 2.0183382647542752e-01
322; 1; 1.8790517818365246e-01
386; 1; 1.2907603797750650e-01
55; 1; 1.1323699097574415e-01
# FractureId; NumTraces
33; 10
# TraceId; Tips; Length
405; 0; 4.2640788759964209e-02
423; 1; 6.7099456032597060e-01
82; 1; 6.5083394501698943e-01
429; 1; 4.2210923466165090e-01
430; 1; 3.7215019449520359e-01
428; 1; 3.5979784083604299e-01
431; 1; 3.2783791049650984e-01
241; 1; 3.0293484895823419e-01
274; 1; 2.2091967426285641e-01
225; 1; 7.5059229172484102e-02
# FractureId; NumTraces
34; 11
# TraceId; Tips; Length
25; 0; 9.0393217642189105e-01
100; 0; 8.0011000011290989e-01
416; 0; 7.0531627014905451e-01
380; 0; 4.6734052579369417e-01
433; 1; 5.4821114048019448e-01
373; 1; 3.2337647737518926e-01
56; 1; 3.1062652326103463e-01
434; 1; 1.3128606892244218e-01
126; 1; 1.1369984160350596e-01
432; 1; 9.6523469108399651e-02
195; 1; 2.9980431022665073e-02
# FractureId; NumTraces
35; 19
# TraceId; Tips; Length
436; 0; 7.8206681290619673e-01
57; 0; 6.4832288190895959e-01
438; 0; 5.3001596569345477e-01
323; 0; 4.1444694135893811e-01
387; 0; 1.5364841990270361e-01
435; 0; 6.2393320231845843e-02
26; 1; 8.8368803295815779e-01
374; 1; 8.4738823699890364e-01
439; 1; 6.4303583459504920e-01
440; 1; 5.7705607776268120e-01
152; 1; 5.1061979220506304e-01
83; 1; 4.2156776278981545e-01
174; 1; 3.7856466366688690e-01
101; 1; 3.4256644263550540e-01
196; 1; 2.4469509490708494e-01
127; 1; 2.1755214765727460e-01
437; 1; 1.7931957841530721e-01
340; 1; 1.4783836405562725e-01
406; 1; 8.2193698631917958e-02
# FractureId; NumTraces
36; 23
# TraceId; Tips; Length
424; 0; 3.2332056345445548e-01
443; 0; 1.5962104701772914e-01
242; 1; 1.0326102134305755e+00
445; 1; 1.0147308726105231e+00
441; 1; 7.8949769956041438e-01
355; 1; 6.5495659492842329e-01
175; 1; 6.5463051593251886e-01
407; 1; 6.1348471200489718e-01
58; 1; 5.9895445080443543e-01
128; 1; 5.2803578637605542e-01
153; 1; 4.7522431936079246e-01
388; 1; 4.2360347217407990e-01
324; 1; 3.9889715492935668e-01
428; 1; 3.5979784083604299e-01
444; 1; 3.2029487419500524e-01
442; 1; 3.2007771748560881e-01
197; 1; 2.9531317310365923e-01
84; 1; 2.9325172090586371e-01
341; 1; 2.5745090772180412e-01
366; 1; 2.0922272072655762e-01
27; 1; 1.4498749477242082e-01
257; 1; 1.2802098645861887e-01
296; 1; 1.0847641805485216e-01
# FractureId; NumTraces
37; 17
# TraceId; Tips; Length
448; 0; 8.8874183004339502e-01
447; 0; 5.9762589789035681e-01
408; 0; 3.1484993985536430e-01
59; 0; 2.4769903947436192e-01
243; 1; 8.8545561466730127e-01
425; 1; 8.3468425922822209e-01
441; 1; 7.8949769956041438e-01
356; 1; 6.0582187790190545e-01
226; 1; 6.0020545214109977e-01
429; 1; 4.2210923466165090e-01
85; 1; 4.0879329399964287e-01
176; 1; 3.9830064002733406e-01
275; 1; 3.9313437954554198e-01
325; 1; 1.7110353476012441e-01
389; 1; 1.4519292548355767e-01
446; 1; 1.1647465712572172e-01
297; 1; 1.1346007221431889e-01
# FractureId; NumTraces
38; 26
# TraceId; Tips; Length
198; 0; 1.2188468145802751e+00
422; 0; 5.9193615012584921e-01
129; 0; 5.0797228821189988e-01
5; 0; 4.8118971767339042e-01
367; 0; 2.0842563303540923e-01
298; 0; 1.5471811972642158e-01
313; 0; 1.2889594698634532e-01
449; 0; 1.0805176428862893e-01
140; 0; 1.0749675506845328e-01
177; 0; 4.9589421373269785e-02
211; 1; 1.0614251912418557e+00
258; 1; 9.4157435013696122e-01
390; 1; 7.6222154856684354e-01
450; 1; 7.3253635884448520e-01
244; 1; 6.5648761976084946e-01
357; 1; 6.4675749893412782e-01
326; 1; 6.1695784848523849e-01
453; 1; 5.4822101374381516e-01
409; 1; 5.3708322507412720e-01
452; 1; 4.4050585664672881e-01
451; 1; 3.8791397686956197e-01
60; 1; 3.5306434734383679e-01
442; 1; 3.2007771748560881e-01
227; 1; 1.2636491986430673e-01
446; 1; 1.1647465712572172e-01
398; 1; 8.8697810397097510e-02
# FractureId; NumTraces
39; 7
# TraceId; Tips; Length
6; 0; 6.0955246724863787e-01
314; 0; 5.9249086595994727e-01
449; 0; 1.0805176428862893e-01
342; 0; 9.5965957148852643e-02
39; 1; 4.6934874617055466e-01
199; 1; 1.2781400211742835e-01
141; 1; 7.8843755929514439e-02
# FractureId; NumTraces
40; 26
# TraceId; Tips; Length
307; 0; 7.1282370419629681e-01
28; 0; 6.2866540477648336e-01
458; 0; 6.2279586634276918e-01
447; 0; 5.9762589789035681e-01
282; 0; 5.7141276143016972e-01
454; 0; 4.3443833119480091e-01
457; 0; 4.1706149115936553e-01
456; 0; 3.1101564231527923e-01
443; 0; 1.5962104701772914e-01
435; 0; 6.2393320231845843e-02
86; 1; 8.9560207437027972e-01
410; 1; 8.6371444172994061e-01
245; 1; 6.9425990821379036e-01
417; 1; 6.6352905733044432e-01
276; 1; 6.3465031905048264e-01
455; 1; 6.1982045925264384e-01
299; 1; 5.7845539597583251e-01
459; 1; 5.5676979341819732e-01
228; 1; 5.3204109757757312e-01
399; 1; 4.0898971470546736e-01
430; 1; 3.7215019449520359e-01
426; 1; 3.0002900734229432e-01
368; 1; 2.3411656572665804e-01
327; 1; 2.0981623661718235e-01
391; 1; 1.9903200414361202e-01
358; 1; 1.8269470125619067e-02
# FractureId; NumTraces
41; 20
# TraceId; Tips; Length
411; 0; 7.8709745664365127e-01
200; 0; 6.1234732468180042e-01
246; 1; 9.3656780717898946e-01
359; 1; 8.8212758396687196e-01
343; 1; 8.5015841269920367e-01
462; 1; 7.6155264280340174e-01
450; 1; 7.3253635884448520e-01
392; 1; 6.6832441573916379e-01
130; 1; 5.2989735850812225e-01
259; 1; 5.1876352563441186e-01
460; 1; 4.3256292602477542e-01
212; 1; 3.3489708988538902e-01
328; 1; 3.2000147013463709e-01
61; 1; 2.8873677541999332e-01
154; 1; 2.1543647821038073e-01
142; 1; 1.6236851154716458e-01
369; 1; 1.4623086939220700e-01
461; 1; 1.1259497678693721e-01
463; 1; 2.5210616548234182e-02
400; 1; 6.5333721697735676e-03
# FractureId; NumTraces
42; 22
# TraceId; Tips; Length
436; 0; 7.8206681290619673e-01
466; 0; 6.7734294105040949e-01
283; 0; 5.7813318023177240e-01
454; 0; 4.3443833119480091e-01
178; 0; 3.3129266381255851e-01
381; 0; 1.2046312069858915e-01
29; 1; 9.3360668860935203e-01
465; 1; 8.1644065817715672e-01
87; 1; 6.2687452207338412e-01
62; 1; 5.7553208173634163e-01
155; 1; 5.3605405198337919e-01
464; 1; 5.1444995433203611e-01
102; 1; 4.5828326496382832e-01
467; 1; 4.4926970486537954e-01
308; 1; 3.7838499031190365e-01
418; 1; 3.5868581597421839e-01
393; 1; 3.3151819618747258e-01
329; 1; 3.2322824465650823e-01
375; 1; 3.0109577005753946e-01
412; 1; 2.8413320620788474e-01
344; 1; 1.4529971490089197e-01
260; 1; 4.1646606643643280e-02
# FractureId; NumTraces
43; 19
# TraceId; Tips; Length
330; 0; 1.8560664643469071e-01
156; 0; 1.2859362082504747e-01
179; 0; 6.1036514153672658e-02
30; 1; 8.0266857324260243e-01
455; 1; 6.1982045925264384e-01
419; 1; 5.6417288082499284e-01
103; 1; 5.4193063526718221e-01
468; 1; 5.3405277094594694e-01
88; 1; 5.2789646453839467e-01
469; 1; 5.2046752058852275e-01
464; 1; 5.1444995433203611e-01
284; 1; 3.9728717813407921e-01
471; 1; 3.0558412450795619e-01
63; 1; 2.9816793324690599e-01
309; 1; 2.7273963741562435e-01
437; 1; 1.7931957841530721e-01
376; 1; 1.4677487957712490e-01
470; 1; 1.3283100320935773e-01
432; 1; 9.6523469108399651e-02
# FractureId; NumTraces
44; 28
# TraceId; Tips; Length
413; 0; 8.2743771165772684e-01
64; 0; 6.3129751615244645e-01
180; 0; 5.6938502417703540e-01
438; 0; 5.3001596569345477e-01
474; 0; 4.3107914800392622e-01
456; 0; 3.1101564231527923e-01
473; 0; 5.7719239863838478e-02
465; 1; 8.1644065817715672e-01
475; 1; 7.7500596549569511e-01
89; 1; 7.0160779672323104e-01
31; 1; 6.7416314645497488e-01
247; 1; 6.3386563686568342e-01
360; 1; 5.9672111346388002e-01
300; 1; 5.7349749831047225e-01
468; 1; 5.3405277094594694e-01
394; 1; 4.6770087452259018e-01
104; 1; 4.5793878923464454e-01
331; 1; 4.5027101641261663e-01
131; 1; 4.4791420058171444e-01
460; 1; 4.3256292602477542e-01
451; 1; 3.8791397686956197e-01
345; 1; 3.6092668112324516e-01
285; 1; 3.1081710518495498e-01
261; 1; 2.1957512729561762e-01
472; 1; 2.0952451284066589e-01
157; 1; 1.7965686602168338e-01
420; 1; 1.1225651454970188e-01
201; 1; 1.8188533229440466e-02
# FractureId; NumTraces
45; 18
# TraceId; Tips; Length
466; 0; 6.7734294105040949e-01
382; 0; 3.8009660923537175e-01
32; 1; 9.2452310713592956e-01
439; 1; 6.4303583459504920e-01
65; 1; 6.2336405286413044e-01
377; 1; 5.8668959231179119e-01
158; 1; 5.7681392653823615e-01
433; 1; 5.4821114048019448e-01
469; 1; 5.2046752058852275e-01
477; 1; 4.8566285311874441e-01
421; 1; 2.9355110543836499e-01
105; 1; 2.3886239058765787e-01
181; 1; 2.2143426630877736e-01
472; 1; 2.0952451284066589e-01
461; 1; 1.1259497678693721e-01
346; 1; 9.5044694975166530e-02
476; 1; 7.9397170651902452e-02
286; 1; 1.5334234204167350e-03
# FractureId; NumTraces
46; 20
# TraceId; Tips; Length
401; 0; 6.7255169337014775e-01
479; 0; 6.4633198312867524e-01
457; 0; 4.1706149115936553e-01
473; 0; 5.7719239863838478e-02
248; 1; 8.0728361418382755e-01
301; 1; 6.0398663078303838e-01
478; 1; 5.4813689132637289e-01
182; 1; 4.2422191302321977e-01
310; 1; 4.1137564240800989e-01
40; 1; 3.7954758490435375e-01
444; 1; 3.2029487419500524e-01
370; 1; 2.5372247623403865e-01
332; 1; 2.0034734196697462e-01
112; 1; 1.9596735547721914e-01
33; 1; 1.3793889888406133e-01
470; 1; 1.3283100320935773e-01
287; 1; 1.2523403959159565e-01
361; 1; 1.2421265986495557e-01
395; 1; 9.9297097086766539e-02
414; 1; 9.2286857992465485e-02
# FractureId; NumTraces
47; 29
# TraceId; Tips; Length
183; 0; 9.9849660171934940e-01
448; 0; 8.8874183004339502e-01
66; 0; 6.5944790181641166e-01
458; 0; 6.2279586634276918e-01
474; 0; 4.3107914800392622e-01
34; 0; 2.9093410816150700e-01
402; 0; 2.6448651278908525e-01
371; 0; 2.1868792004327742e-01
427; 0; 2.0484732564070951e-01
249; 1; 1.3383640386948075e+00
415; 1; 1.3376069172495557e+00
445; 1; 1.0147308726105231e+00
132; 1; 7.9741057504480051e-01
462; 1; 7.6155264280340174e-01
362; 1; 7.4673713670490427e-01
480; 1; 7.4622428483736525e-01
396; 1; 6.7616921434791166e-01
333; 1; 6.0896475776060732e-01
90; 1; 5.8102259934463407e-01
302; 1; 5.7226407872323370e-01
478; 1; 5.4813689132637289e-01
202; 1; 5.4757687624136009e-01
277; 1; 4.9284768261492201e-01
452; 1; 4.4050585664672881e-01
347; 1; 3.9850311865155524e-01
262; 1; 3.9292902289345577e-01
213; 1; 3.6687504891024769e-01
159; 1; 3.4926060408786769e-01
431; 1; 3.2783791049650984e-01
# FractureId; NumTraces
48; 28
# TraceId; Tips; Length
372; 0; 9.1594720327221812e-01
479; 0; 6.4633198312867524e-01
229; 0; 5.7302825171340677e-01
288; 0; 3.0027098848061817e-01
278; 0; 1.7152211529734468e-01
303; 1; 9.5034609099066358e-01
403; 1; 8.7201812790973088e-01
475; 1; 7.7500596549569511e-01
250; 1; 7.5941559832113847e-01
480; 1; 7.4622428483736525e-01
334; 1; 7.0977970367169751e-01
184; 1; 6.9434509606636297e-01
363; 1; 6.8553782288197951e-01
440; 1; 5.7705607776268120e-01
459; 1; 5.5676979341819732e-01
453; 1; 5.4822101374381516e-01
311; 1; 5.1849789208316555e-01
67; 1; 4.8786620638736838e-01
467; 1; 4.4926970486537954e-01
263; 1; 3.8093407970350907e-01
160; 1; 3.7755496131912908e-01
397; 1; 3.7331556112257119e-01
471; 1; 3.0558412450795619e-01
106; 1; 1.2220046815910005e-01
133; 1; 1.0716343122549349e-01
476; 1; 7.9397170651902452e-02
348; 1; 5.5127780077848292e-02
463; 1; 2.5210616548234182e-02
# FractureId; NumTraces
49; 8
# TraceId; Tips; Length
378; 1; 5.0999038075769143e-01
477; 1; 4.8566285311874441e-01
35; 1; 3.3268441455391096e-01
107; 1; 2.2390863664954200e-01
134; 1; 1.8857250202010531e-01
434; 1; 1.3128606892244218e-01
383; 1; 7.7910213708733675e-02
68; 1; 2.5581278438586992e-02
