# Number of Traces
481
# TraceId; FractureId1; FractureId2; X1; Y1; Z1; X2; Y2; Z2
0; 0; 2; 5.4654852181428448e-01; 6.9052767800517734e-01; -9.0930588885243413e-02; 6.0654762549414931e-02; 1.0345903503281990e+00; 2.2650869811942531e-01
1; 0; 6; 5.2367529081676201e-01; 1.0735186819128366e+00; 4.6597960550042533e-02; 3.6781326790671787e-01; 6.8171494252089027e-01; -1.9404528350684166e-02
2; 0; 8; 4.1782091083768896e-01; 5.3004240780159473e-01; -9.0930588885243413e-02; 2.8248513440244249e-01; 5.2491838870804419e-01; -3.6254440306971975e-02
3; 0; 11; 1.6097959353991506e-01; 2.3056856008856841e-01; -8.4002032784752989e-02; 7.1815569848489913e-02; 5.8224085486615862e-01; 7.0680125497282781e-02
4; 0; 22; -2.0916890436406679e-01; 3.6573223147044059e-01; 1.1539565664922147e-01; -1.1231544745610714e-01; 7.6534186588019071e-01; 2.0859327620463811e-01
5; 0; 38; 3.6821996623174591e-02; 1.7031812661147006e-01; -5.2406984008583402e-02; 1.5149291593877617e-01; 6.2582168352711698e-01; 5.2046997701574393e-02
6; 0; 39; 3.2995350022406911e-01; 4.5531427352811710e-01; -7.9294657144429639e-02; 2.0351122525888615e-01; 1.0030330066471429e+00; 1.5643983507302264e-01
7; 1; 3; 4.5279596528032007e-01; 3.3617419485943989e-01; 6.7759570734018326e-01; -9.6835390357929291e-04; 8.3153831646382070e-01; 8.4919171765252865e-01
8; 1; 4; 4.5566810363402344e-01; 3.8173449625880240e-01; 6.9501869969472840e-01; 3.8631052466342053e-01; 6.1379397738286623e-01; 7.8067274338015491e-01
9; 1; 5; 2.2475099375301222e-01; 1.1681157113780474e+00; 9.8542638993839837e-01; 6.2282847980780554e-01; 3.7003769166801492e-01; 6.9672134289185772e-01
10; 1; 7; -1.4754722965866435e-01; 3.9427008050338946e-01; 6.7759570734018326e-01; -3.8296863823644178e-01; 6.5265985121711112e-01; 7.6714958980140180e-01
11; 1; 9; 2.4737078092931297e-01; 3.5605342080728514e-01; 6.7759570734018326e-01; 3.8178907118053834e-01; 6.6944388434470625e-01; 8.0165881330821998e-01
12; 1; 10; 5.8365501952545895e-01; 3.2351081711985608e-01; 6.7759570734018326e-01; 5.0961083307961719e-01; 7.0973632576159151e-01; 8.2167545877766002e-01
13; 1; 11; -7.0958593573146489e-02; 3.8685851211857164e-01; 6.7759570734018326e-01; -7.3415462871097473e-02; 3.9733272557026417e-01; 6.8148655805889713e-01
14; 1; 14; 6.9745247592223747e-01; 3.1249850937799600e-01; 6.7759570734018326e-01; 8.3212151409630164e-01; 3.8387255475346460e-01; 7.0967824647672995e-01
15; 1; 17; 8.6970752876353474e-01; 7.7227369332359641e-01; 8.5869098062460814e-01; 3.8808960525450215e-01; 9.2832248409340090e-01; 9.0028962219507547e-01
16; 1; 18; 8.2906501404763244e-01; 3.5228771902525102e-01; 6.9756050978110784e-01; 3.7726019182148807e-01; 4.5490379412566889e-01; 7.1994611849282841e-01
17; 1; 19; 8.7632886245431740e-01; 8.4069631187258420e-01; 8.8494178283666436e-01; 6.4053352900710459e-01; 1.1278799681823106e+00; 9.8542638993839837e-01
18; 1; 21; 8.2501555948069172e-01; 3.1044202779374708e-01; 6.8150612619801654e-01; 7.5849221411552636e-01; 4.0957655255191650e-01; 7.1674000133760329e-01
19; 1; 25; -2.7729411385841429e-01; 7.8273481981414861e-01; 8.2047770297365186e-01; -3.6786817254726545e-02; 9.5217799737434994e-01; 8.9372904543905862e-01
20; 1; 26; -6.2718862134328091e-02; 6.8592664831997152e-01; 7.9157377941339757e-01; 5.5938689219126114e-01; 6.6480779006532287e-01; 8.0642912824446267e-01
21; 1; 27; 8.2499036364008371e-01; 3.1018166251517143e-01; 6.8140623529094924e-01; 8.0147900848813869e-01; 3.3102859003747959e-01; 6.8846529129663991e-01
22; 1; 28; 5.6957841550485522e-01; 3.2487302591031181e-01; 6.7759570734018326e-01; 8.2218691665155474e-01; 4.3329187709551376e-01; 7.2809697927517969e-01
23; 1; 29; 6.9578898358420094e-01; 3.1265948740099164e-01; 6.7759570734018326e-01; 8.2896926429644568e-01; 3.5129827354378718e-01; 6.9718090230357577e-01
24; 1; 30; 8.8334043657939754e-01; 9.1315154282645650e-01; 9.1273972418024507e-01; 7.4317919471503191e-01; 7.5882469990203005e-01; 8.4892503301492628e-01
25; 1; 34; -1.4797090185180961e-01; 3.9431107973764579e-01; 6.7759570734018326e-01; 1.9772505182585132e-01; 1.1707310421502735e+00; 9.8542638993839837e-01
26; 1; 35; -3.5206503003725687e-02; 3.8339874213572989e-01; 6.7759570734018326e-01; 7.9281883252977581e-01; 6.6058617176359424e-01; 8.1341069975408509e-01
27; 1; 36; 6.5981327273671020e-01; 3.1614089736944817e-01; 6.7759570734018326e-01; 7.7108422904993268e-01; 4.0159554998409430e-01; 7.1416960880056679e-01
28; 1; 40; 8.4759839871950249e-01; 5.4380543570373663e-01; 7.7103758223532970e-01; 7.1794693722448444e-01; 1.1203885856714080e+00; 9.8542638993839837e-01
29; 1; 42; 2.0813666298046474e-01; 3.5985015049275976e-01; 6.7759570734018326e-01; 8.6684385759643268e-01; 9.6988203256510230e-01; 9.3369604633362657e-01
30; 1; 43; 8.6738234289919469e-01; 7.4824601055136153e-01; 8.4947259697540034e-01; 6.7003460018143002e-02; 7.0757113793562898e-01; 8.0457229578388501e-01
31; 1; 44; 3.8369156713745112e-01; 3.4286150512771091e-01; 6.7759570734018326e-01; 7.9465504659190478e-01; 8.3721762985273807e-01; 8.8061538259264283e-01
32; 1; 45; 1.0061783356846243e-01; 1.1801282167907832e+00; 9.8542638993839837e-01; 3.6013511649330687e-01; 3.4754451505014561e-01; 6.7850924299571491e-01
33; 1; 46; 7.1068703866665339e-01; 3.1121778586812865e-01; 6.7759570734018326e-01; 7.4354386912080228e-01; 4.3603949445264578e-01; 7.2624865775325165e-01
34; 1; 47; 6.0941598883678394e-01; 3.2101789916924928e-01; 6.7759570734018326e-01; 8.4160536768583116e-01; 4.8187548389659990e-01; 7.4727773570552491e-01
35; 1; 49; 2.0181360991184727e-02; 8.5657565059000262e-01; 8.5948627925244647e-01; -1.5414247797156522e-01; 5.9389730873264657e-01; 7.5323089079878869e-01
36; 2; 6; 7.6742058575228089e-01; 7.0093704895291475e-01; 1.8355588779262175e-02; 9.1175838116803520e-02; 8.6433129057765135e-01; -1.9404528350684166e-02
37; 2; 14; 6.1396519400573690e-01; 8.4509236854807568e-01; 1.7256629937814255e-01; 7.6343113989132882e-01; 8.6160258091136388e-01; 2.6091155030355972e-01
38; 2; 20; 3.8288654178433640e-01; 7.2782466517578581e-01; -1.0348505767099270e-01; 2.3647386637025924e-02; 1.0014082338993229e+00; 1.6040553214636352e-01
39; 2; 39; -4.8894081468948657e-02; 1.0172996151398501e+00; 1.5386778298294981e-01; 3.8997121064151918e-01; 8.5981481705771978e-01; 1.0016453088686034e-01
40; 2; 46; 7.5786323948337098e-01; 9.4618011957728321e-01; 3.8713045670184321e-01; 6.5519496031184099e-01; 7.6574584981653704e-01; 6.9389889643447777e-02
41; 3; 7; 3.3484651294720266e-02; 6.2574926615842430e-01; 3.7432569487161765e-01; -7.9471294926021716e-02; 7.4924754696803531e-01; 4.1755437961536235e-01
42; 3; 9; 3.4486165943068464e-01; 5.5017472040306958e-01; 9.8251063138572503e-01; 2.6596990992874736e-01; 4.3550608300484206e-01; 4.6094089157458656e-01
43; 3; 10; 6.3246421982423973e-01; 1.2877995748639945e-01; 5.7874580128221564e-01; 4.6256239646967984e-01; 4.2515064878956554e-01; 9.4752197896478507e-01
44; 3; 13; 5.7718272753536337e-01; 1.0707750898983148e-01; 3.7432569487161765e-01; 6.2840432616306052e-01; 1.2452417077193759e-01; 5.5642304916870744e-01
45; 3; 14; 3.1224546843333856e-01; 3.5981975642985603e-01; 3.7432569487161765e-01; 6.6914124170319422e-01; 1.6722667443640621e-01; 7.8040922796118584e-01
46; 3; 15; 3.3994559166575949e-01; 3.3339466460299572e-01; 3.7432569487161765e-01; 2.4287369216759555e-01; 4.7196266805997000e-01; 5.0054964574939609e-01
47; 3; 22; 5.8278696160203147e-02; 6.0209648646382585e-01; 3.7432569487161765e-01; 2.6662727485152438e-01; 4.7699664032329936e-01; 5.7660146622860120e-01
48; 3; 23; 4.1231632867588952e-01; 2.6435513885706247e-01; 3.7432569487161765e-01; 6.3146240131252962e-01; 1.2772980044578389e-01; 5.7323744363396811e-01
49; 3; 24; 4.1580194258415737e-01; 2.6102996709424686e-01; 3.7432569487161765e-01; 4.1672335544107547e-01; 3.3083705733965174e-01; 5.6843887957485695e-01
50; 3; 25; -2.1688286212104550e-02; 8.0981863117098962e-01; 7.3526609512833108e-01; 9.3902643182095291e-02; 5.9890663766892716e-01; 4.5889093718011675e-01
51; 3; 26; 3.1851330484109108e-01; 5.7531026524071027e-01; 9.8251063138572503e-01; 1.3403124285470047e-01; 6.8177122022003911e-01; 7.9157377941339757e-01
52; 3; 27; 5.9748131752917299e-01; 9.2109102718882757e-02; 3.8639725195665447e-01; 1.9411200291496777e-01; 5.5379878618693956e-01; 5.9753998727135693e-01
53; 3; 29; 4.8478551253827729e-01; 1.9522169774876241e-01; 3.7432569487161765e-01; 5.6377615770903067e-01; 3.4133681485665524e-01; 9.8251063138572492e-01
54; 3; 30; 3.2014038158363900e-02; 8.4862202515224028e-01; 9.8251063138572503e-01; 2.0592212244750002e-01; 6.3407385650068981e-01; 8.4892503301492628e-01
55; 3; 32; 6.5374745754723163e-01; 1.5109012812173953e-01; 6.9576867909947038e-01; 5.7055406464329583e-01; 2.1485050724090407e-01; 6.5291906350081497e-01
56; 3; 34; 1.0807580691824975e-02; 8.4388244913919175e-01; 9.1394003147948399e-01; 7.8946680751991821e-02; 6.8492025967562409e-01; 6.5591498944445692e-01
57; 3; 35; 3.6648084836838207e-02; 6.6255138612178466e-01; 4.8367642487354928e-01; 4.6947409717333954e-01; 3.9624474177036151e-01; 8.8624936661939768e-01
58; 3; 36; 6.5943902359007545e-01; 2.5007729250303196e-01; 9.8251063138572492e-01; 4.7539924944950201e-01; 2.1840924841263590e-01; 4.1341228254238283e-01
59; 3; 37; 6.6481559007976887e-01; 1.6269230672958865e-01; 7.5662524321241431e-01; 6.4628275197897078e-01; 2.6262798343337601e-01; 9.8251063138572492e-01
60; 3; 38; 3.6374705847172478e-01; 3.1068877478856138e-01; 3.7432569487161765e-01; 5.6225726496229878e-01; 2.2269400551940721e-01; 6.5272298628385006e-01
61; 3; 41; 4.4214322777795667e-01; 2.3590116624945623e-01; 3.7432569487161765e-01; 3.9329635137350916e-01; 3.7325695778694035e-01; 6.2355710275709164e-01
62; 3; 42; 4.6795995405387592e-01; 4.3274261687580140e-01; 9.8251063138572492e-01; 1.9707159750031014e-01; 5.0830760067339464e-01; 4.8036861102181955e-01
63; 3; 43; 2.2408580711597120e-01; 6.6539128319973628e-01; 9.8251063138572503e-01; 6.5669955931566354e-02; 7.2733894076092165e-01; 7.3762081487035014e-01
64; 3; 44; 3.3518874167628115e-01; 3.3793255769191316e-01; 3.7432569487161765e-01; 4.8522265175437196e-01; 4.1627451786817571e-01; 9.8251063138572492e-01
65; 3; 45; -4.1831099005586139e-02; 7.8870391186243172e-01; 6.2451368277891572e-01; 4.2230253247484784e-01; 3.9489969150753701e-01; 7.5897910793591550e-01
66; 3; 47; 3.4147341103801115e-01; 3.3193717046595328e-01; 3.7432569487161765e-01; 6.9349380805930672e-01; 1.9275427121865626e-01; 9.1430837593477343e-01
67; 3; 48; 3.8280057554521574e-01; 2.9251228748317815e-01; 3.7432569487161765e-01; 1.9207033455077072e-01; 5.9523475024147932e-01; 7.0597991397119764e-01
68; 3; 49; -3.4014259727312909e-03; 8.2898784675909987e-01; 8.3581381438542535e-01; 6.2754880108568112e-03; 8.2837665985936848e-01; 8.5948627925244647e-01
69; 4; 5; 4.6389415097888792e-01; 6.9268269796932525e-01; 8.6179942810687349e-01; 6.2545103663029866e-01; 3.7138503411986112e-01; 7.7689597846165970e-01
70; 4; 9; 3.1482714663725087e-01; 5.2024545316518145e-01; 6.9501869969472840e-01; 3.3222783682268159e-01; 5.5880152275997430e-01; 7.2412022870665038e-01
71; 4; 10; 5.7777802399488498e-01; 2.6164469938719886e-01; 6.9501869969472840e-01; 4.8383322970183296e-01; 7.0900579405752584e-01; 8.8058344223123453e-01
72; 4; 13; 6.8587127495856759e-01; 1.5533968736967785e-01; 6.9501869969472840e-01; 8.1739800651622752e-01; 2.5927533929849494e-01; 8.1697178432241813e-01
73; 4; 14; 6.1517340304275958e-01; 2.2486797018678190e-01; 6.9501869969472840e-01; 1.0690357626944895e+00; 2.8139691733067224e-01; 9.5790626873801155e-01
74; 4; 16; 7.5385780248389866e-01; 8.8477893861051982e-02; 6.9501869969472840e-01; 8.8421809633527704e-01; 4.4813741157020270e-01; 9.5005458365164497e-01
75; 4; 17; 5.5963585564386720e-01; 7.9003494800563290e-01; 9.6191342713511785e-01; 9.9801172068563671e-01; 5.1739306829350051e-01; 1.0447615001974575e+00
76; 4; 18; 3.8219777862861015e-01; 4.7211626801758050e-01; 7.0449473818896446e-01; 5.0939049418120141e-01; 4.0137593893758305e-01; 7.3290584835305039e-01
77; 4; 23; 7.9927988754431800e-01; 4.3807248328972814e-02; 6.9501869969472840e-01; 9.5830621934835147e-01; 1.9270189856699371e-03; 7.5488281501409571e-01
78; 4; 26; 4.2913562750071177e-01; 6.5733947444535534e-01; 8.2545356610353915e-01; 5.5859453030240180e-01; 6.2729124999453956e-01; 8.7630199994249491e-01
79; 4; 28; 5.3310637647925663e-01; 3.0557732222585177e-01; 6.9501869969472840e-01; 5.8036380986385072e-01; 3.2237778816496621e-01; 7.2809697927517969e-01
80; 4; 29; 5.5850623568819402e-01; 2.8059766517624918e-01; 6.9501869969472840e-01; 1.0423631269215001e+00; 4.7908030157632708e-01; 1.0475347020236319e+00
81; 4; 32; 6.7605362585530293e-01; 1.6499491835405278e-01; 6.9501869969472840e-01; 1.4687414965162375e+00; -9.5587073289497670e-02; 9.6632754059203185e-01
82; 4; 33; 1.3234371730281480e+00; -2.4333567334908357e-01; 8.1438751663497633e-01; 7.9957020098879272e-01; 1.3630395255308769e-01; 7.4352162894876683e-01
83; 4; 35; 3.1231217474386030e-01; 5.3855084390356134e-01; 7.0329506603607939e-01; 6.9142226410614582e-01; 5.1568946456199938e-01; 8.8624936661939768e-01
84; 4; 36; 5.8769789182553511e-01; 2.5188894072929913e-01; 6.9501869969472840e-01; 7.8718383419360893e-01; 3.8240339543219748e-01; 8.6580484586992967e-01
85; 4; 37; 6.8974091348746380e-01; 1.5153406614309473e-01; 6.9501869969472840e-01; 8.7703288526000067e-01; 4.2501399086338437e-01; 9.3427255087296635e-01
86; 4; 40; 6.9325989956466494e-01; 9.2590678546831384e-01; 1.1016397611297761e+00; 8.8459777304635534e-01; 1.1400889322831760e-01; 7.7558040094500202e-01
87; 4; 42; 3.3357598082882839e-01; 5.0180679000831330e-01; 6.9501869969472840e-01; 7.7735368470998245e-01; 7.5720939030109691e-01; 1.0566850206680658e+00
88; 4; 43; 4.8349587551617768e-01; 7.1261415829765884e-01; 8.8229631646023021e-01; 9.5916642395182317e-01; 6.7759848224583352e-01; 1.1085397894129376e+00
89; 4; 44; 4.3323042378052357e-01; 4.0380097871914572e-01; 6.9501869969472840e-01; 8.1580119414813546e-01; 8.2083885981210081e-01; 1.1097143854893323e+00
90; 4; 47; 5.7071172211968169e-01; 2.6859410001180678e-01; 6.9501869969472840e-01; 1.0298643635474332e+00; 4.2699846651917850e-01; 1.0138825726727001e+00
91; 5; 10; 5.9058810128963191e-01; 4.2942778675005661e-01; 6.5491065861714337e-01; 4.5899331479123945e-01; 7.0830183624179965e-01; 9.3734858347018035e-01
92; 5; 17; 3.6941482526809627e-01; 8.8358822164602602e-01; 9.4884114155709876e-01; 4.4233807064313185e-01; 7.4936477389598855e-01; 1.0447615001974573e+00
93; 5; 18; 5.6486498989018652e-01; 4.7949695899645328e-01; 6.5491065861714337e-01; 6.2395499521358733e-01; 3.7061644062622645e-01; 7.3116023906664485e-01
94; 5; 21; 5.2732592637445130e-01; 5.5256548511488779e-01; 6.5491065861714337e-01; 4.6683267427925407e-01; 6.7528929029609475e-01; 7.1674000133760318e-01
95; 5; 25; 3.5323676487640016e-01; 8.9142418995510564e-01; 6.5491065861714337e-01; 2.6662386328589355e-01; 1.0792322251526629e+00; 8.9372904543905873e-01
96; 5; 26; 4.7024463384778281e-01; 6.7467028081985880e-01; 7.9157377941339757e-01; 5.5650602131044646e-01; 5.2840508145647114e-01; 1.0604730496697410e+00
97; 5; 27; 6.0718026945539849e-01; 3.9713168878070837e-01; 6.5491065861714337e-01; 5.8153823339798216e-01; 4.4974336276437799e-01; 6.8846529129663980e-01
98; 5; 29; 6.3477384230195888e-01; 3.7617463934175999e-01; 1.0619050737089664e+00; 6.2914864462278675e-01; 3.9504806912951668e-01; 1.1603724531918205e+00
99; 5; 30; 4.6282550975738318e-01; 6.9372670407383452e-01; 8.4892503301492628e-01; 1.6631611198204610e-01; 1.2993130668629227e+00; 1.2023360017799849e+00
100; 5; 34; 3.0193726227902240e-01; 9.9135777212046916e-01; 6.5591498944445692e-01; 1.2164276406352600e-01; 1.3959182310853322e+00; 1.3222487956077360e+00
101; 5; 35; 4.6224558580581354e-01; 6.7924218184822094e-01; 6.5491065861714337e-01; 5.8520329347108746e-01; 4.5852613819598942e-01; 8.8624936661939768e-01
102; 5; 42; 4.5727365419381316e-01; 6.8891987971349244e-01; 6.5491065861714337e-01; 5.7093172896932409e-01; 5.0002108410376667e-01; 1.0566850206680660e+00
103; 5; 43; 4.1289871770524073e-01; 7.7529420294241391e-01; 6.5491065861714337e-01; 5.0896140969331616e-01; 6.2960022326642617e-01; 1.1679740435271062e+00
104; 5; 44; 5.3318776242036781e-01; 5.4115561816273283e-01; 6.5491065861714337e-01; 5.7128390111725236e-01; 5.0360313588462913e-01; 1.1097143854893323e+00
105; 5; 45; 4.5873151171140747e-01; 7.1282220032621257e-01; 9.8718727345325197e-01; 5.6456835545518991e-01; 5.0326873089451252e-01; 9.4312881691262218e-01
106; 5; 48; 4.8888906176934604e-01; 6.2738155089478176e-01; 6.5491065861714337e-01; 4.5122633404601331e-01; 7.0747175277988139e-01; 7.3917235169736406e-01
107; 5; 49; 1.4806878059286660e-01; 1.2907767793451961e+00; 6.5491065861714337e-01; 1.9620996388755974e-01; 1.2135348252080564e+00; 8.5948627925244636e-01
108; 6; 12; 6.3189408787721824e-01; 5.0738757484880259e-01; -1.9404528350684166e-02; 6.3527920140985628e-01; 5.1463932165595871e-01; -1.8138847332746455e-02
109; 6; 15; 6.2338195650732942e-01; 5.1300667833067404e-01; -1.9404528350684166e-02; 6.0509671141289822e-01; 6.6320510870799543e-01; -9.7535330160218592e-04
110; 6; 20; 2.2972222286192934e-01; 7.7287282511317690e-01; -1.9404528350684166e-02; 2.9657754983339119e-01; 9.0477555487677985e-01; 4.0823828972872955e-03
111; 6; 31; 4.6856774050298783e-01; 6.1520400851644685e-01; -1.9404528350684166e-02; 4.8718853209635965e-01; 6.4749825309261977e-01; -1.3455762972678767e-02
112; 6; 46; 7.5693955604400176e-01; 1.3063728467241604e+00; 9.8210425840754553e-02; 7.1706819565690449e-01; 1.1166813716207264e+00; 6.9389889643447777e-02
113; 7; 9; 4.3927464510044367e-02; -1.6540183334928060e-01; 7.9521424746537539e-01; 1.7552205782744068e-01; 2.1174591332921999e-01; 4.6094089157458656e-01
114; 7; 11; -3.9028559630701495e-02; 5.6766965089659338e-01; 4.7692601200333257e-01; -4.8753962797910624e-02; 2.0973103438722840e-01; 6.8148655805889724e-01
115; 7; 12; 2.8007129027637878e-01; 3.6819774651573123e-01; 2.7339017868663329e-01; 1.9269553009201368e-01; 3.5921962688393066e-01; 3.6377715850204789e-01
116; 7; 13; 4.7164186062019547e-01; 2.4202949692600492e-02; 2.7339017868663329e-01; 4.5317745434013845e-01; 1.4724152053729317e-03; 3.0384318473122773e-01
117; 7; 14; 2.4731034560761378e-01; 4.2702512529755471e-01; 2.7339017868663329e-01; 1.2383299571784211e-01; -2.6619447587679507e-01; 7.7195191732516288e-01
118; 7; 15; 4.2096760610347406e-01; 1.1519646636563710e-01; 2.7339017868663329e-01; 2.5809923333256374e-01; -9.2228156227197600e-03; 5.0054964574939620e-01
119; 7; 21; 2.8863751453412134e-01; 3.5281575664226084e-01; 2.7339017868663329e-01; 7.9659691099455532e-02; 6.1222836294896710e-01; 3.3651240773839641e-01
120; 7; 22; 6.9977456465766807e-03; 7.6511802887700242e-01; 3.2429887862538181e-01; 2.6542857923967111e-01; -1.6195133955160879e-01; 5.7660146622860131e-01
121; 7; 23; 2.9928357649489457e-01; 3.3369909423117128e-01; 2.7339017868663329e-01; -3.8576609669108142e-02; -1.7252917869194029e-02; 7.9521424746537539e-01
122; 7; 25; -1.3050653959237102e-02; 5.5411959011864442e-01; 4.5889093718011675e-01; -2.0861859142989414e-01; 6.1873486986461557e-01; 6.1503908311219480e-01
123; 7; 27; 4.6745891747637719e-01; 3.1714075615011411e-02; 2.7339017868663329e-01; 1.1004848219889271e-01; 3.9805577730602593e-01; 4.2348272887543537e-01
124; 7; 29; 4.0023991361558364e-01; 1.5241626663656288e-01; 2.7339017868663329e-01; -1.1809692083039697e-01; 1.2553818638103453e-01; 7.9521424746537539e-01
125; 7; 31; 4.5771050540917235e-02; 7.8892032002354862e-01; 2.7339017868663329e-01; 3.8582464111573234e-02; 7.9231276063183242e-01; 2.7857543048127564e-01
126; 7; 34; -1.2849620316989471e-01; 3.9984866208574116e-01; 6.5591498944445692e-01; -2.0278435451182036e-01; 3.7968015411131151e-01; 7.3959387469603555e-01
127; 7; 35; -6.7541174579401383e-02; 6.0648037917985120e-01; 4.8367642487354928e-01; -9.9770329145341979e-02; 4.3237754392765987e-01; 6.1008220521371270e-01
128; 7; 36; 6.6878153649146677e-02; -2.0661337034678040e-01; 7.9521424746537539e-01; 3.0158511059048332e-01; 7.2602846299134938e-02; 4.1341228254238283e-01
129; 7; 38; 2.9210430131736498e-01; 3.4659060100906169e-01; 2.7339017868663329e-01; 3.7957588485494609e-01; -1.2377135905691847e-01; 4.4410688609264753e-01
130; 7; 41; 3.9885269485609476e-01; 1.5490723398328621e-01; 2.7339017868663329e-01; 6.1034508493011952e-03; 2.1753603864225718e-01; 6.2355710275709153e-01
131; 7; 44; 2.5706689418370748e-01; 2.3800909181337743e-01; 3.6684049542552333e-01; 9.1132498587590038e-02; -3.6981093508204603e-02; 6.7904764687742314e-01
132; 7; 47; 1.0158787380669049e-01; -2.6894007904714623e-01; 7.9521424746537539e-01; 2.7306661608412169e-01; 3.3203526701780600e-01; 2.9994936928164978e-01
133; 7; 48; 3.8301282215408217e-01; 1.8335019253403803e-01; 2.7339017868663329e-01; 3.0187760011587883e-01; 2.2236145186833650e-01; 3.3152105156830114e-01
134; 7; 49; -1.7465307832443489e-01; 7.6867070659162839e-01; 5.0010317660100290e-01; -2.0277802773138415e-01; 6.1788113793238231e-01; 6.0978946436085768e-01
135; 8; 12; 2.7959336459326167e-01; 2.1064038864591761e-01; 1.6511825992570550e-01; 7.2890180533345872e-01; 4.5615422899561897e-01; -1.6201749253961889e-01
136; 8; 15; 5.0164092380973380e-01; 7.8274143206677971e-02; 1.6511825992570547e-01; 6.3660408589657258e-01; 3.0132280849551552e-01; -2.8289189421111527e-02
137; 8; 20; 3.4453144957773785e-01; 6.2900257419908367e-01; -1.2615218978628762e-01; 5.8354744766299937e-01; 6.4108442986912562e-01; -2.2464789408461353e-01
138; 8; 24; 7.2671362012242335e-01; 2.1756925936282986e-01; -9.1475786817765137e-03; 4.2290183064078229e-01; 1.7652599247275932e-01; 1.3241822150842408e-01
139; 8; 31; 2.4398217031222291e-01; 4.6032874071687840e-01; 1.9531786646467320e-02; 5.6271783113381058e-01; 4.9447663407503750e-01; -1.2330915068863516e-01
140; 8; 38; 2.0458016544342650e-01; 2.5535700505407072e-01; 1.6511825992570550e-01; 1.7665206340343051e-01; 3.4738086755427350e-01; 1.1708512347560074e-01
141; 8; 39; 2.8887482466755054e-01; 5.3563724775559318e-01; -4.5512343424671031e-02; 3.6186849265677212e-01; 5.0748731595508034e-01; -5.5302319021096585e-02
142; 8; 41; 4.5178847020192769e-01; 1.0799202046362216e-01; 1.6511825992570547e-01; 5.9881594758409207e-01; 1.2508011585936635e-01; 9.8376583048174093e-02
143; 9; 11; 5.2277564017910116e-02; -9.3150313675913088e-02; 4.6094089157458656e-01; 9.4611241956614189e-03; -2.3311505120980147e-01; 6.8148655805889724e-01
144; 9; 14; 1.3571541565862599e-01; 1.1326772065821833e-01; 4.6094089157458656e-01; -1.0019234634827651e-02; -2.8336965696719629e-01; 6.9484529693148667e-01
145; 9; 15; 2.7259379136164730e-01; 4.5189299323988869e-01; 4.6094089157458656e-01; 2.4579959338992943e-01; 3.7949296996372917e-01; 5.0054964574939609e-01
146; 9; 21; 3.0823134706550753e-01; 5.4005722628534081e-01; 4.6094089157458656e-01; 3.7292862350252587e-01; 6.7302543535217119e-01; 6.3643674768148162e-01
147; 9; 22; 1.4672883681111620e-01; 1.4051397281940914e-01; 4.6094089157458656e-01; 2.6651849182043424e-01; 4.1901136259941574e-01; 5.7660146622860120e-01
148; 9; 23; 1.7384415957828719e-01; 2.0759493806329005e-01; 4.6094089157458656e-01; 7.9482491919105946e-02; -9.4902762208127475e-02; 9.0834240800497035e-01
149; 9; 26; 3.2953622654716497e-01; 4.8693416308330401e-01; 1.1466003649541578e+00; 3.8196318009527019e-01; 6.6937350641555105e-01; 8.0490544774266493e-01
150; 9; 27; 2.3997883637583400e-01; 3.7120641316041625e-01; 4.6094089157458656e-01; 3.3886620635318343e-01; 5.8072750850083799e-01; 6.8846529129663980e-01
151; 9; 29; 1.3985618205449632e-01; 1.2351161888024886e-01; 4.6094089157458656e-01; 2.5160325481700496e-01; 2.9413472592105744e-01; 1.1466003649541578e+00
152; 9; 35; 3.7207475989030475e-01; 6.7337058225577262e-01; 6.2051462784043010e-01; 2.2302266717945596e-01; 2.6361322178968893e-01; 8.8624936661939779e-01
153; 9; 36; 1.9476933026007059e-02; -1.7429624014849598e-01; 4.6094089157458656e-01; 2.1957695525176013e-03; -2.8820940164694198e-01; 9.2198677512454297e-01
154; 9; 41; 1.6175977398664435e-01; 1.7769921243143083e-01; 4.6094089157458656e-01; 2.2332069765301166e-01; 3.0489629054913958e-01; 6.2355710275709153e-01
155; 9; 42; 3.6752322608163740e-01; 6.7521039341321509e-01; 5.3564151025472351e-01; 2.1265178534184700e-01; 2.4814764595116023e-01; 8.2022224259818721e-01
156; 9; 43; 3.8642560645781249e-01; 6.2767357265258350e-01; 1.1466003649541578e+00; 3.9369373301784327e-01; 6.6463180767021346e-01; 1.0236467862442029e+00
157; 9; 44; 9.2625861852891456e-02; 6.6678883037835091e-03; 4.6094089157458656e-01; 8.7139931498611350e-02; -3.3903723517350562e-02; 6.3587070147306068e-01
158; 9; 45; 3.8706762202129436e-01; 6.6731019993408913e-01; 9.0008872397624362e-01; 2.0672333223700395e-01; 2.8114444034268143e-01; 5.1141630520968284e-01
159; 9; 47; 9.9627925903300885e-02; 2.3990389652343014e-02; 4.6094089157458656e-01; 3.3488939931840822e-03; -2.4516792030553550e-01; 6.6160758478223269e-01
160; 9; 48; 3.7770819284259088e-01; 6.7109344816515382e-01; 7.2556207722114041e-01; 2.5154076366178024e-01; 3.9329059887619389e-01; 5.0317703825149751e-01
161; 10; 13; 7.7493587545182663e-01; 3.1749310601268449e-01; 2.4121344727442845e-01; 5.3210835284141189e-01; -1.1425884614332957e-02; 8.1697178432241802e-01
162; 10; 14; 7.1557643481735733e-01; 7.1557334636475800e-01; 3.5099484191205554e-01; 4.7986539167370779e-01; -1.8540430061895408e-01; 9.4752197896478507e-01
163; 10; 16; 7.4598287692346599e-01; -1.4659161882923621e-01; 3.3735635241855499e-01; 5.9609857957294410e-01; -1.6332086411357344e-01; 6.8068548432664278e-01
164; 10; 18; 6.7987750263542523e-01; 7.1456164634835284e-01; 4.3257543245275409e-01; 5.5761774745117487e-01; 3.8754142270331554e-01; 7.3290584835305039e-01
165; 10; 21; 5.5892031999475000e-01; 5.9139400448025492e-01; 7.1674000133760318e-01; 7.8625214528723686e-01; -1.3215372197971428e-01; 2.4447100775520453e-01
166; 10; 23; 7.9365236232959202e-01; 3.8332090437082733e-01; 1.9421633034161467e-01; 4.9455526541688594e-01; -9.8299772729975546e-02; 9.0834240800497035e-01
167; 10; 24; 7.9569501299373968e-01; 3.1124376060454673e-01; 1.9421633034161467e-01; 6.2943133525492423e-01; 3.9507426566052739e-01; 5.6843887957485695e-01
168; 10; 26; 4.5785767204527816e-01; 5.9116195198017674e-01; 9.4752197896478507e-01; 5.2381946734961227e-01; 6.7353876239655164e-01; 7.9157377941339757e-01
169; 10; 27; 8.1147165267378751e-01; -2.4545207893690407e-01; 1.9421633034161467e-01; 5.7522072777995370e-01; 4.5315328638285091e-01; 6.8846529129663980e-01
170; 10; 28; 7.9041949814076196e-01; 4.9739602304139385e-01; 1.9421633034161467e-01; 5.6181162490792902e-01; 3.1386868115947431e-01; 7.2809697927517969e-01
171; 10; 29; 4.6586320881373827e-01; 3.0867790577773818e-01; 9.4752197896478507e-01; 7.7395804966029180e-01; 2.4428592500069274e-01; 2.4818354455504210e-01
172; 10; 30; 4.9586405633928826e-01; 7.0934674508217976e-01; 8.5309012851601040e-01; 4.9789998996462398e-01; 7.0187098213656807e-01; 8.4892503301492628e-01
173; 10; 32; 4.9745027052499707e-01; -5.2459162499564682e-01; 9.2931779830545014e-01; 5.9713594080650134e-01; 2.2915683423522915e-01; 6.5291906350081497e-01
174; 10; 35; 5.7295566444887824e-01; 7.1153150458119507e-01; 6.7691738241646382e-01; 4.8990387713461975e-01; 4.0723933315578192e-01; 8.8624936661939768e-01
175; 10; 36; 4.7177158184173601e-01; 1.0019455635416363e-01; 9.4752197896478507e-01; 6.9706109506667358e-01; 4.0435336324378157e-01; 4.1341228254238283e-01
176; 10; 37; 4.7168141744327136e-01; 1.0337610492965099e-01; 9.4752197896478507e-01; 6.3125976767900560e-01; 4.9014657368557146e-02; 5.8665776211683029e-01
177; 10; 38; 5.8903234096052581e-01; 5.8982538688442110e-01; 6.4808356757433372e-01; 5.8839961720957634e-01; 5.4045752115347745e-01; 6.5272298628385006e-01
178; 10; 42; 5.3956817376370114e-01; 7.1058531031684624e-01; 7.5321577680225937e-01; 4.6175079395965829e-01; 4.5378892346993216e-01; 9.4752197896478507e-01
179; 10; 43; 4.7805969013330696e-01; 7.0884217319496268e-01; 8.9377735977224237e-01; 4.5501844281673615e-01; 6.9134723421316935e-01; 9.4752197896478507e-01
180; 10; 44; 6.4504423510809361e-01; 7.1357447908101690e-01; 5.1217777240117690e-01; 4.6342573970199052e-01; 3.9468664661478919e-01; 9.4752197896478507e-01
181; 10; 45; 4.5611405574927211e-01; 6.5268734378910698e-01; 9.4752197896478507e-01; 5.0016907383931719e-01; 4.5421346140165780e-01; 8.5977001211021642e-01
182; 10; 46; 7.1130319190034008e-01; 7.1545224358478643e-01; 3.6076022309817862e-01; 6.6806286008385796e-01; 3.1232209576762249e-01; 4.8558245314712600e-01
183; 10; 47; 7.1723048141267731e-01; 7.1562022168750139e-01; 3.4721495019595738e-01; 4.7588329660846090e-01; -4.4891757996520676e-02; 9.4752197896478507e-01
184; 10; 48; 5.5683281101778170e-01; 7.1107458640230914e-01; 7.1376195517305974e-01; 7.7900380333746522e-01; 2.5917819276696108e-01; 2.3569834850292165e-01
185; 11; 12; 2.2294448034524045e-01; -2.4080250509993406e-01; -8.4002032784752989e-02; 4.9841298421381075e-02; 1.3053938475481597e-01; 3.6377715850204784e-01
186; 11; 14; 1.1661537193133578e-02; -2.4985374100571245e-01; 6.8148655805889724e-01; 6.7412972940021354e-02; 4.0060362203810362e-01; 1.7256629937814255e-01
187; 11; 20; 1.2592385962805636e-01; 4.9723988778600592e-01; -8.4002032784752989e-02; 1.0150889605342929e-01; 5.8614424167337986e-01; -3.8146491519935516e-02
188; 11; 21; 5.4474243846576065e-02; 4.7061124293012702e-01; 1.8602534096163387e-01; 2.7927991421003336e-02; 5.5544507189841907e-01; 2.4148723495030680e-01
189; 11; 22; 3.4572906777863149e-03; 5.7325470076413376e-01; 3.2121454578828962e-01; 1.1219301645315463e-01; -4.8060141801824607e-01; 4.2857942915743591e-01
190; 11; 23; -2.9039139751617732e-02; 5.9759048340846110e-02; 6.8148655805889724e-01; 6.4141766369559428e-02; 3.9379095483539311e-01; 1.8757820061827368e-01
191; 11; 25; -4.1410447343974713e-02; 5.6735653578742362e-01; 4.8565567671523951e-01; -3.1240116694249753e-02; 5.4650269233053228e-01; 4.5889093718011675e-01
192; 11; 27; 1.2318068575284424e-01; 5.6949329275854110e-02; 1.3440567176761081e-01; 4.8480665249669111e-02; 2.8399016382443659e-01; 2.9600382563275240e-01
193; 11; 29; -3.7355878593971950e-02; 1.2302504056853120e-01; 6.8148655805889724e-01; 9.0317240959518652e-02; 6.6706893606901005e-02; 2.4818354455504210e-01
194; 11; 31; 1.6991880087752298e-01; 1.6256740811507708e-01; -8.4002032784752989e-02; 4.3249470988402053e-02; 5.7848564965086346e-01; 1.7537543241125342e-01
195; 11; 34; -8.4910786572765962e-02; 4.8477842679401639e-01; 6.8148655805889713e-01; -7.6111694381614969e-02; 4.7183635974453081e-01; 6.5591498944445692e-01
196; 11; 35; -5.1655669808882490e-02; 5.6600973260577414e-01; 5.2320461595328460e-01; -6.7599493117524376e-02; 3.7259877833476185e-01; 6.7224718281881635e-01
197; 11; 36; 9.1224960694344798e-03; -2.3053908425832692e-01; 6.8148655805889724e-01; 6.9295990582837419e-02; -1.2225610511158752e-01; 4.1341228254238283e-01
198; 11; 38; 9.6117138650747058e-02; 5.8543545901400018e-01; -1.8385595961732823e-02; 1.8309042135466030e-01; -6.0429661531358447e-01; 2.3173596813135228e-01
199; 11; 39; 9.9319495104413694e-02; 5.8585643023989076e-01; -3.0122294536034801e-02; 1.2801121703707147e-01; 4.7142180704690095e-01; -7.9294657144429639e-02
200; 11; 41; 1.4805613593459810e-01; -5.6206090805352354e-02; 9.8376583048174093e-02; -3.1702052826777682e-02; 2.0233145257366880e-01; 6.2355710275709153e-01
201; 11; 44; 6.7238846330834240e-02; -8.2730317775255423e-03; 3.6684049542552333e-01; 6.3756139069601314e-02; -1.5880086220925467e-02; 3.8299061040549065e-01
202; 11; 47; 1.2232155944152570e-02; -2.5419447625678115e-01; 6.8148655805889724e-01; 6.7005512565624425e-02; 1.3473956491037858e-01; 2.9994936928164978e-01
203; 12; 14; 8.5928766346404784e-02; 1.8830799830172290e-01; 3.6377715850204784e-01; 4.5932242069356305e-01; 6.2455774085315363e-01; 2.5227045729502895e-01
204; 12; 15; 3.3944137312245065e-01; 5.9412953835937832e-01; 3.6377715850204789e-01; 6.3055859382360191e-01; 4.9238353965201853e-01; -2.8289189421111527e-02
205; 12; 21; 2.6429414335249801e-01; 4.7383428005197065e-01; 3.6377715850204789e-01; 2.8938807337424105e-01; 2.5659596740440516e-01; 1.8602534096163387e-01
206; 12; 22; -8.5047936796966705e-02; -2.6909936787229827e-01; 2.3691819893368027e-01; 4.6506550705355254e-02; 1.2520113956444223e-01; 3.6377715850204784e-01
207; 12; 23; 1.3929718648771283e-01; 2.7373986193808414e-01; 3.6377715850204789e-01; 3.7211310449796486e-01; 3.9127047663771763e-01; 1.8757820061827368e-01
208; 12; 27; 1.5776953987997383e-01; 3.0331030025856992e-01; 3.6377715850204789e-01; 1.8913068861540672e-01; 2.1352293674074041e-02; 1.3440567176761081e-01
209; 12; 28; 4.9335505076298836e-01; 3.8274131653027749e-01; 4.7665379338182268e-02; 4.8852587077421139e-01; 3.8001694414435216e-01; 5.1122345257972879e-02
210; 12; 29; 1.2202617707510383e-02; 7.0287598592027656e-02; 3.6377715850204784e-01; 1.1922686518446635e-01; 7.4216309373904651e-02; 2.4818354455504210e-01
211; 12; 38; 5.1908123196616585e-02; -3.5465443175041844e-01; 2.6444963422867895e-02; 3.6594402829048289e-01; 6.0817882573165227e-01; 3.4418228449351362e-01
212; 12; 41; 5.6874057108169396e-04; 5.1664154194574707e-02; 3.6377715850204784e-01; 1.8173541257402021e-01; -4.2660987299274589e-02; 9.8376583048174093e-02
213; 12; 47; -5.6675683763324727e-02; -3.9972394924361693e-02; 3.6377715850204784e-01; 1.7450056109458972e-01; 2.3766200252942399e-01; 2.9994936928164978e-01
214; 13; 14; 7.0714321877069042e-01; 1.5465848551316377e-01; 8.1697178432241802e-01; 1.0597371242589944e+00; 4.9725883735704318e-01; 7.7000034803743556e-01
215; 13; 15; 4.4800978559608839e-01; 7.2845459999948403e-03; 2.4121344727442845e-01; 4.4784673616514858e-01; 7.0904124940391732e-03; 2.4144385733110474e-01
216; 13; 16; 8.1225258758272345e-01; 2.5439303394706625e-01; 8.1697178432241802e-01; 1.1094381395139479e+00; 5.7418199200290210e-01; 5.9603929322432880e-01
217; 13; 18; 1.0959564359239875e+00; 5.8839024157241604e-01; 4.3822767974075572e-01; 8.4925146018962638e-01; 3.0388309551735082e-01; 7.3290584835305050e-01
218; 13; 19; 1.1134981232783820e+00; 5.4023422783782471e-01; 8.1697178432241813e-01; 1.1205447997924953e+00; 5.6247677981896682e-01; 7.2604956731733938e-01
219; 13; 21; 5.3680528880272471e-01; 9.1539446541849978e-02; 2.4121344727442845e-01; 8.6013510956663164e-01; 3.1697607722469179e-01; 7.1674000133760329e-01
220; 13; 23; 8.1059143203013506e-01; 3.5132539779303373e-01; 2.4121344727442845e-01; 5.0572945817748849e-01; -3.6455881247617790e-02; 8.1697178432241802e-01
221; 13; 24; 7.8160681334188120e-01; 3.2382292214244363e-01; 2.4121344727442845e-01; 1.0493496452951185e+00; 5.2188840767536204e-01; 5.6843887957485695e-01
222; 13; 27; 4.4796806073751688e-01; 6.9625495877217256e-03; 2.4286403590074018e-01; 8.4505727391949448e-01; 3.0750687663806459e-01; 6.8846529129663991e-01
223; 13; 29; 9.8247389698132692e-01; 4.1590999117527655e-01; 8.1697178432241813e-01; 6.7080056187671722e-01; 2.1749026486969836e-01; 2.4818354455504210e-01
224; 13; 32; 4.9004440644883862e-01; -3.7381343366934411e-02; 7.3539348233813973e-01; 9.6437353160346750e-01; 4.2680357016509762e-01; 6.5291906350081497e-01
225; 13; 33; 7.4505623047101954e-01; 1.9063279631378863e-01; 8.1697178432241802e-01; 7.2972517671997983e-01; 1.8865255631906080e-01; 7.4352162894876683e-01
226; 13; 37; 4.8394722432846793e-01; -3.0955576425913935e-02; 6.6402222412152789e-01; 9.2204795814931739e-01; 3.6944754624763160e-01; 7.5341837145914403e-01
227; 13; 38; 4.7524942437267576e-01; -2.1789041080215399e-02; 5.6220913828843799e-01; 5.4642586754197120e-01; 3.0261417430196946e-02; 6.5272298628385006e-01
228; 13; 40; 8.5343865453655576e-01; 2.9347303067651753e-01; 8.1697178432241813e-01; 1.0012680572281882e+00; 5.1273198791332331e-01; 3.5530122333459374e-01
229; 13; 48; 6.9310991727847093e-01; 2.3985135931753387e-01; 2.4121344727442845e-01; 1.0971487960758535e+00; 5.8713362363081767e-01; 4.5218498700269588e-01
230; 14; 15; 4.4650225705242452e-01; 6.5818690580020900e-01; 2.1521873485086596e-01; 2.5270317034353224e-01; 1.6131346622278653e-01; 5.0054964574939609e-01
231; 14; 16; 1.0313917808123108e+00; 5.3211283656241548e-01; 7.2129968865851302e-01; 5.2698005064787634e-01; -1.1842300218193469e-01; 9.2341403406296796e-01
232; 14; 18; 7.9490196207024255e-01; 7.9172675800116776e-01; 3.4120428592142854e-01; 7.8898311252341935e-01; 3.2117173166532192e-01; 7.3290584835305039e-01
233; 14; 21; 1.1045837071836229e-01; 4.1960761167681548e-01; 1.8602534096163387e-01; 8.1299576422750375e-01; 3.5992178204394554e-01; 7.1674000133760329e-01
234; 14; 22; -1.5048255332365507e-01; 2.2339803105135131e-01; 1.7256629937814255e-01; 2.6588550562265312e-01; 8.1606896977258536e-02; 5.7660146622860131e-01
235; 14; 23; 8.0816242912485459e-02; 3.9365448871215092e-01; 1.8757820061827368e-01; 5.2933855431559884e-01; -9.8584443770616662e-02; 9.0834240800497035e-01
236; 14; 24; 3.8810329906769997e-01; 2.9175399731420415e-01; 4.8345566987582095e-01; 6.4528387780634788e-01; 3.9986168867673266e-01; 5.6843887957485695e-01
237; 14; 27; 3.5470446210318002e-02; 2.5988635943784699e-01; 2.6906558847791906e-01; 7.6219916307592683e-01; 3.5223019723808607e-01; 6.8846529129663991e-01
238; 14; 28; 1.0326919182063685e+00; 5.3051416171183186e-01; 7.2353347878678975e-01; 5.1625741115709189e-01; 3.1955458705285511e-01; 5.4772866131156961e-01
239; 14; 29; 1.0538707128400640e+00; 4.3477858823881632e-01; 8.1853550803938779e-01; -2.7026750205033345e-01; -1.7629853439615040e-02; 2.9334769865491317e-01
240; 14; 32; 4.8407239100738436e-01; 1.6830619658143200e-01; 6.5291906350081497e-01; 2.4108431638546157e-01; -8.8439787232207023e-02; 7.0265210506393894e-01
241; 14; 33; 8.7211559163159569e-01; 1.2124973171023209e-01; 9.5790626873801155e-01; 6.8384167747841584e-01; 2.2304208007308812e-01; 7.4352162894876683e-01
242; 14; 36; -2.5574012377942386e-02; -2.5510536326055949e-01; 6.6043517626164883e-01; 7.6317622551455677e-01; 4.1102259025579280e-01; 6.3968753423222968e-01
243; 14; 37; 9.1683885785206698e-01; 3.7587764098227239e-01; 7.7434664057602243e-01; 2.2913922340150233e-01; -1.8188506282482403e-01; 7.7307205664184053e-01
244; 14; 38; 2.3312103741975387e-01; 5.3536726772153032e-01; 1.7256629937814255e-01; 5.6308869063998812e-01; 2.3280008716929129e-01; 6.5272298628385006e-01
245; 14; 40; 9.2253760601851531e-01; 6.6596209927820316e-01; 5.3427531555194752e-01; 8.2643295902290759e-01; 1.0877861704873606e-01; 9.3714909741112407e-01
246; 14; 41; -2.9711731264534130e-01; -8.7158061119553959e-02; 3.3345829183662901e-01; 5.0966851677085756e-01; 3.5217230383140785e-01; 5.1578962027288933e-01
247; 14; 44; 4.3436449854146980e-01; 4.6803426987690733e-01; 3.6684049542552333e-01; 7.8241190757319654e-02; -2.7044798644369518e-02; 5.3963676611479128e-01
248; 14; 46; 7.0528700016639845e-01; 9.1936068836247564e-01; 1.7256629937814255e-01; 7.1344385216414830e-01; 3.0432099975790322e-01; 6.9541090433871822e-01
249; 14; 47; 7.7775849759418370e-01; 7.8200446243837018e-01; 3.3765532606567356e-01; 1.7839571559308459e-02; -2.6030238587225352e-01; 6.9449977381602335e-01
250; 14; 48; 9.3477936463061106e-01; 6.5090938891888461e-01; 5.5530810767486016e-01; 2.8010501605641164e-01; 2.9629476757909312e-01; 4.0576875290683762e-01
251; 15; 21; 2.3730394391452814e-01; 6.4798807025122684e-01; 5.0054964574939609e-01; 4.8632326864942216e-01; 7.7180646636471478e-02; 1.8602534096163387e-01
252; 15; 23; 2.5210855093402729e-01; 1.8010571965205013e-01; 5.0054964574939609e-01; 4.7527135828139810e-01; 3.9042621583360670e-01; 1.8757820061827368e-01
253; 15; 24; 6.2615920742748721e-01; 1.8720211111798829e-01; -9.1475786817765137e-03; 4.0760114764191985e-01; 2.2719098018833644e-01; 2.8676705392737034e-01
254; 15; 27; 2.4469419605771572e-01; 4.1442776434638340e-01; 5.0054964574939609e-01; 5.3184777784166615e-01; -1.6363196556772425e-01; 1.3440567176761081e-01
255; 15; 28; 5.7703926260163796e-01; 4.2112374506347472e-01; 4.7665379338182268e-02; 4.9472409267283318e-01; 3.6650312195515428e-01; 1.6211784354834136e-01
256; 15; 29; 2.5271288822788679e-01; 1.6100634381361634e-01; 5.0054964574939609e-01; 4.3815246512897432e-01; 1.5705878806159568e-01; 2.4818354455504210e-01
257; 15; 36; 2.5728064371038578e-01; 1.6647755348617954e-02; 5.0054964574939620e-01; 3.1903275292228411e-01; 8.7239043161270069e-02; 4.1341228254238283e-01
258; 15; 38; 3.3607288014927261e-01; -3.2978222445563626e-01; 4.0817626679679420e-01; 3.5965756506967139e-01; 6.0869601202844936e-01; 3.3561857169305570e-01
259; 15; 41; 2.5026886378723817e-01; 2.3824688783524400e-01; 5.0054964574939609e-01; 5.4979275960580465e-01; 1.0536401083511060e-01; 9.8376583048174093e-02
260; 15; 42; 2.4053547335846293e-01; 5.4585934841030037e-01; 5.0054964574939609e-01; 2.5428714940880648e-01; 5.7959445013033539e-01; 4.8036861102181955e-01
261; 15; 44; 2.5132136357297519e-01; 2.0498385875874264e-01; 5.0054964574939609e-01; 3.4485628766374943e-01; 3.5190668755633892e-01; 3.6684049542552333e-01
262; 15; 47; 2.5349219406622392e-01; 1.3637729104669161e-01; 5.0054964574939620e-01; 3.9103001130200526e-01; 4.4498075010554017e-01; 2.9994936928164978e-01
263; 15; 48; 4.4718119591667688e-01; 1.6145992403456660e-01; 2.3569834850292165e-01; 2.5657137663652074e-01; 3.7620811127323994e-01; 4.8602191102001535e-01
264; 16; 17; 9.9624504780630774e-01; 6.2059858794931977e-01; 9.5005458365164497e-01; 1.0732849575055297e+00; 6.8409016616304097e-01; 8.6164678355892110e-01
265; 16; 18; 1.2037467449916235e+00; 5.9934508531423447e-01; 4.0349466480016449e-01; 8.7385480807538696e-01; 2.9682535549144712e-01; 7.3290584835305050e-01
266; 16; 19; 1.0077015213280327e+00; 6.3823538761911913e-01; 9.5005458365164497e-01; 1.2037716453046394e+00; 5.7530778934630267e-01; 3.6487126821108318e-01
267; 16; 21; 8.0829571707606895e-01; -5.0663401778531458e-02; 3.3735635241855499e-01; 8.8108943036168308e-01; 2.9788590808725002e-01; 7.1674000133760329e-01
268; 16; 23; 9.6018850405572764e-01; 2.3191898662258190e-01; 4.1556254632247824e-01; 5.4588144197020139e-01; -9.8719832952978287e-02; 9.0834240800497035e-01
269; 16; 24; 1.1452617509006504e+00; 4.6808282696465098e-01; 3.3735635241855499e-01; 1.0957468349638895e+00; 5.3590022773431956e-01; 5.6843887957485695e-01
270; 16; 27; 7.9498242906338790e-01; -7.1158695830469632e-02; 3.3735635241855499e-01; 8.8483947884047887e-01; 2.8603411691975561e-01; 6.8846529129663991e-01
271; 16; 28; 1.1688170060453371e+00; 6.2203466828002252e-01; 5.2615996177562674e-01; 1.0248184019967757e+00; 5.2623041751977206e-01; 7.2809697927517969e-01
272; 16; 29; 1.0601377191798931e+00; 3.3703765920882417e-01; 3.3735635241855499e-01; 8.6056675770592017e-01; 4.1172708682781656e-01; 9.5005458365164497e-01
273; 16; 32; 5.6420388482433181e-01; -1.4260277847943886e-01; 7.9269239652534407e-01; 1.0048098029135004e+00; 4.4856631242756162e-01; 6.5291906350081497e-01
274; 16; 33; 7.3681544948900290e-01; 2.2121671487448158e-01; 9.5005458365164497e-01; 7.7651150552649673e-01; 1.5358636493324862e-01; 7.4352162894876683e-01
275; 16; 37; 8.7150624678327826e-01; 4.2856800886036472e-01; 9.5005458365164497e-01; 9.2853552491143687e-01; 2.8984147241101249e-01; 5.8665776211683029e-01
276; 16; 40; 8.0254042238323930e-01; 3.2239777884154608e-01; 9.5005458365164497e-01; 1.0214205835487524e+00; 2.8861993239429201e-01; 3.5530122333459374e-01
277; 16; 47; 7.0501230512817348e-01; 1.7225699922568205e-01; 9.5005458365164497e-01; 9.9769717735139019e-01; 5.5229440503177651e-01; 8.3689110005931266e-01
278; 16; 48; 1.1524594226364702e+00; 4.7916336533912579e-01; 3.3735635241855499e-01; 1.1920145327707481e+00; 6.0696606991326441e-01; 4.4469552514629773e-01
279; 17; 19; 7.9396479306318579e-01; 1.0385658777130395e+00; 6.4179285414205822e-01; 1.0880695983852728e+00; 5.0249457350536308e-01; 1.0237835172789069e+00
280; 17; 25; 4.3517452165953857e-01; 1.0411114438192381e+00; 7.7787617303195378e-01; 5.4826219235654816e-01; 1.0445471726974114e+00; 7.3106678562394301e-01
281; 17; 30; 3.6648480820789875e-01; 8.7656954982008894e-01; 9.5645872956256894e-01; 8.6145001538987076e-01; 7.8628712969691938e-01; 8.4892503301492628e-01
282; 17; 40; 8.5219915697378457e-01; 1.0142553409078765e+00; 6.4179285414205822e-01; 7.4098754041993664e-01; 6.2469046753630275e-01; 1.0447615001974575e+00
283; 17; 42; 7.4548548518481894e-01; 1.0588040656028426e+00; 6.4179285414205822e-01; 6.8266246168211764e-01; 6.4903887418321915e-01; 1.0447615001974573e+00
284; 17; 43; 6.2322221235985942e-01; 6.7385282031089089e-01; 1.0447615001974573e+00; 9.5383024985194687e-01; 7.5670167998599558e-01; 8.4062553103497750e-01
285; 17; 44; 6.7596326315316135e-01; 6.5183552381526999e-01; 1.0447615001974573e+00; 7.8960239951138456e-01; 8.4111208275821114e-01; 8.2597438037996929e-01
286; 17; 45; 3.5481554731653481e-01; 8.4861656833055288e-01; 9.8679699038920132e-01; 3.5598580583703482e-01; 8.4770576565631717e-01; 9.8718727345325197e-01
287; 17; 46; 8.2840635648040439e-01; 1.0241878912656035e+00; 6.4179285414205822e-01; 8.3094269227362916e-01; 9.3175224386936950e-01; 7.2624865775325154e-01
288; 17; 48; 1.2540065179105147e+00; 8.4251143795693628e-01; 6.4549475802198319e-01; 9.6926037040938695e-01; 8.6002732930119286e-01; 7.3917235169736406e-01
289; 18; 19; 1.1384341658636465e+00; 6.6464680798927167e-01; 3.6487126821108318e-01; 1.1939570744617396e+00; 5.6412836249390952e-01; 4.3503380488084065e-01
290; 18; 21; 4.1633074197779441e-01; 5.9110409819688292e-01; 5.9768114316611620e-01; 8.5488788784900005e-01; 3.2175649225560510e-01; 7.1674000133760329e-01
291; 18; 24; 9.1838951054423745e-01; 4.8233881736340245e-01; 5.6843887957485695e-01; 1.2695743655576417e+00; 5.4102969554627567e-01; 4.3620083039916357e-01
292; 18; 27; 3.9577399958678622e-01; 5.1944310153397799e-01; 6.6201014777903211e-01; 6.4276582708942809e-01; 4.1669528485924473e-01; 6.8846529129663980e-01
293; 18; 28; 1.2159985643720579e+00; 6.7093058186134891e-01; 3.4120428592142854e-01; 6.6679550768794460e-01; 3.6202037297095713e-01; 7.2809697927517969e-01
294; 18; 29; 7.3937324273794447e-01; 3.3540286660234647e-01; 7.3290584835305039e-01; 1.0644978586100640e+00; 3.9386637877714381e-01; 6.0705693791138260e-01
295; 18; 32; 1.0209223891452868e+00; 2.5463740780849775e-01; 7.3290584835305050e-01; 8.9224678297673488e-01; 3.8798505921590309e-01; 6.5291906350081497e-01
296; 18; 36; 7.0779240393988196e-01; 3.4446217637887072e-01; 7.3290584835305039e-01; 7.6604126535516570e-01; 4.0760720913758530e-01; 6.6667210879582028e-01
297; 18; 37; 8.5275873734106555e-01; 3.0287699462211548e-01; 7.3290584835305050e-01; 9.4124507442919902e-01; 3.4575069472478603e-01; 6.7629134513073175e-01
298; 18; 38; 5.3000069977072051e-01; 5.9468191031077933e-01; 5.6766791834002284e-01; 5.8316940867472999e-01; 4.7688369138438402e-01; 6.5272298628385006e-01
299; 18; 40; 8.8390494155697352e-01; 2.9394236453964573e-01; 7.3290584835305050e-01; 9.8254904442104918e-01; 7.2090223767571637e-01; 3.5530122333459374e-01
300; 18; 44; 4.5006354176520424e-01; 4.1839452553910828e-01; 7.3290584835305039e-01; 6.8445554802672059e-01; 7.9250136235864099e-01; 3.6684049542552333e-01
301; 18; 46; 7.2397724914959116e-01; 8.1207228933007769e-01; 3.4120428592142854e-01; 7.2780105836230724e-01; 3.4674868110845758e-01; 7.2624865775325165e-01
302; 18; 47; 6.9013821148005816e-01; 3.4952647499901174e-01; 7.3290584835305039e-01; 7.8731778219256643e-01; 7.7202048046537430e-01; 3.5935381425596080e-01
303; 18; 48; 4.0918257407368208e-01; 5.6618551788006499e-01; 6.2005017991965716e-01; 1.3300909257457054e+00; 5.8415108303621710e-01; 3.8603578089564072e-01
304; 19; 24; 1.1759449024950879e+00; 5.5095528388352166e-01; 5.4285299141736842e-01; 1.1650813082451279e+00; 5.5683904257277972e-01; 5.6843887957485695e-01
305; 19; 28; 1.1563855958145501e+00; 6.4010097076425110e-01; 3.6487126821108318e-01; 1.1159571106894586e+00; 5.6803191025234945e-01; 7.2809697927517969e-01
306; 19; 30; 6.6913427144058413e-01; 1.0753246138486083e+00; 1.0237835172789067e+00; 9.1607886219841639e-01; 7.9897192262974293e-01; 8.4892503301492628e-01
307; 19; 40; 9.6250309741647111e-01; 9.0520565933085662e-01; 3.6487126821108318e-01; 7.1353862118323808e-01; 1.0146084511893099e+00; 1.0237835172789067e+00
308; 19; 42; 8.3210328158519875e-01; 8.5248939644961430e-01; 1.0237835172789069e+00; 7.7412804477599861e-01; 1.0442966888667560e+00; 7.0280994299924493e-01
309; 19; 43; 9.4244836616629635e-01; 7.0160935557730497e-01; 1.0237835172789069e+00; 9.5227725765432769e-01; 7.7972316440496303e-01; 7.6265417082363229e-01
310; 19; 46; 7.8779357118414017e-01; 1.1440942383625996e+00; 3.6487126821108318e-01; 8.3472740966811143e-01; 9.5321858171814633e-01; 7.2624865775325154e-01
311; 19; 48; 1.1987231991000453e+00; 5.6761403510704844e-01; 4.0650422597246427e-01; 9.1191831671124524e-01; 8.4314069744540521e-01; 7.3917235169736406e-01
312; 20; 22; -3.2996339984851963e-01; 2.0896419750792256e-01; -1.4608363765962196e-03; -1.7161160276731505e-01; 7.6545310817754519e-01; 1.5109001782136244e-01
313; 20; 38; 6.4789996798703064e-02; 5.1027261796584644e-01; -5.2406984008583402e-02; 9.8928892649917832e-02; 6.3014611709089297e-01; -1.9558161395221436e-02
314; 20; 39; 9.3813900712337028e-02; 4.7414948948299107e-01; -7.9294657144429639e-02; 4.5870693337064339e-02; 1.0156068971260297e+00; 1.5643983507302264e-01
315; 21; 22; 1.4700274281509382e-01; 6.8614745181652248e-01; 4.6021383578216268e-01; 2.6705323778018236e-01; 7.0405023931566024e-01; 5.7660146622860120e-01
316; 21; 23; 1.4135355339676342e-01; 3.9315904334977136e-01; 1.8757820061827368e-01; 9.5914100078481590e-01; 1.0392701099902407e-01; 6.0439640867509703e-01
317; 21; 24; 4.1129395756463405e-01; 2.1496301824806313e-01; 2.4951506328365763e-01; 6.0462574366864319e-01; 3.8758304715690095e-01; 5.6843887957485695e-01
318; 21; 25; 2.0804357652706995e-01; 7.5314891220114955e-01; 5.7233881537230025e-01; 1.9479849323399179e-01; 6.4115710918014335e-01; 4.5889093718011675e-01
319; 21; 27; 8.7205501248268746e-01; -3.7972219898502163e-02; 4.0208099025414312e-01; 8.2428168534435053e-01; 3.1872066487244161e-01; 6.8846529129663991e-01
320; 21; 28; 7.6128491745594529e-01; 4.0703229546810377e-01; 7.1674000133760329e-01; 5.1022012273914052e-01; 3.3271753015485023e-01; 4.3961510112712576e-01
321; 21; 29; 8.2045527119149708e-01; 3.5312589249842574e-01; 7.1674000133760329e-01; 4.6546651004167139e-01; 1.6415374432709604e-01; 2.4818354455504210e-01
322; 21; 32; 9.3460693337392198e-01; 2.4912946332772978e-01; 7.1674000133760329e-01; 7.7490634476247333e-01; 3.2483260645283274e-01; 6.5291906350081497e-01
323; 21; 35; 1.6987171181312738e-01; 7.1124957161372282e-01; 5.0222149731331434e-01; 5.1531055238819079e-01; 6.3112413211342322e-01; 7.1674000133760318e-01
324; 21; 36; 7.6940611574831763e-01; 3.9963358040038821e-01; 7.1674000133760329e-01; 5.4247609255589935e-01; 2.7467758896695849e-01; 4.1341228254238283e-01
325; 21; 37; 8.6963452909680838e-01; 3.0832175111637816e-01; 7.1674000133760329e-01; 8.2544778183287582e-01; 2.0632880031608003e-01; 5.8665776211683029e-01
326; 21; 38; 2.2496224650443664e-01; 3.1529030275382691e-01; 1.8602534096163387e-01; 5.8488483311105621e-01; 4.9773488696677037e-01; 6.5272298628385006e-01
327; 21; 40; 8.9016019777587618e-01; 2.8962210007185318e-01; 7.1674000133760329e-01; 9.4526938550753437e-01; 1.1946458486526815e-01; 6.0704838545710360e-01
328; 21; 41; 4.4225531138398050e-01; 1.1732820216771594e-01; 1.8602534096163387e-01; 5.2837925455184176e-01; 3.0564891524521531e-01; 4.2999033092439515e-01
329; 21; 42; 4.7857219219718572e-01; 6.6459415086221396e-01; 7.1674000133760318e-01; 2.6859087311415586e-01; 5.9741595782264345e-01; 4.8036861102181955e-01
330; 21; 43; 2.2887953197075975e-01; 7.7601949502810619e-01; 6.1061206520844014e-01; 3.7965327268981924e-01; 7.5471298233178730e-01; 7.1674000133760318e-01
331; 21; 44; 5.7190578499179545e-01; 5.7956376070635662e-01; 7.1674000133760318e-01; 3.6834910462783316e-01; 3.8238617104937511e-01; 3.6684049542552333e-01
332; 21; 46; 7.3976571126287749e-01; 4.2663709630832780e-01; 7.1674000133760329e-01; 6.8498747202523491e-01; 3.0933812739534422e-01; 5.6383691493577037e-01
333; 21; 47; 7.4797388019970001e-01; 4.1915914773412993e-01; 7.1674000133760329e-01; 3.0732373579691441e-01; 3.6483516166316743e-01; 2.9994936928164978e-01
334; 21; 48; 4.5646060071119721e-01; 6.8473863683692637e-01; 7.1674000133760318e-01; 4.5190900273234602e-01; 1.6285221342834666e-01; 2.3569834850292165e-01
335; 22; 23; 2.6597336800944482e-01; 1.2844071699999227e-01; 5.7660146622860131e-01; -1.3467982321164043e-01; 3.9541813704271150e-01; 1.8757820061827368e-01
336; 22; 25; 2.5418218904608381e-01; 7.6465429956420383e-01; 5.6400937659153560e-01; 1.4551547199325027e-01; 6.2051968074430974e-01; 4.5889093718011675e-01
337; 22; 27; 2.6665251538751422e-01; 4.9045075604890775e-01; 5.7660146622860120e-01; 1.1133314108184028e-01; 4.0043584226299589e-01; 4.2614267222821317e-01
338; 22; 29; 2.6607043622108500e-01; 1.8018157358132447e-01; 5.7660146622860120e-01; -7.2880848019489297e-02; 2.4315394741749520e-02; 2.4818354455504210e-01
339; 22; 31; -4.0256816399696999e-02; 7.0897104114914755e-01; 2.7857543048127564e-01; -2.9447196602872067e-01; -7.9305147493117539e-02; 3.3481798943121838e-02
340; 22; 35; 2.6699175208274939e-01; 6.7127614572799799e-01; 5.7660146622860120e-01; 1.7128862704073183e-01; 7.3501020595483446e-01; 4.8367642487354928e-01
341; 22; 36; 2.6574619616638578e-01; 7.3499340091170984e-03; 5.7660146622860131e-01; 9.7269212537790861e-02; -9.8790379736493683e-02; 4.1341228254238283e-01
342; 22; 39; -3.2906959676071118e-01; 6.8539346922121247e-01; -1.4608363765962196e-03; -2.9125563437276436e-01; 7.6567756584888491e-01; 3.5063580233350058e-02
343; 22; 41; 2.6628132875654881e-01; 2.9259489867638577e-01; 5.7660146622860120e-01; -2.2779383509036533e-01; -2.0736511998504817e-01; 9.8376583048174093e-02
344; 22; 42; 2.6670025348733273e-01; 5.1589688444089488e-01; 5.7660146622860120e-01; 1.6738296712835282e-01; 4.7131750176998444e-01; 4.8036861102181955e-01
345; 22; 44; 2.6612571385498784e-01; 2.0964654547679684e-01; 5.7660146622860120e-01; 6.3529706391736968e-02; -1.5705557625092473e-02; 3.8054189228703983e-01
346; 22; 45; 2.6630908918304036e-01; 3.0739220689362373e-01; 5.7660146622860120e-01; 1.9906090966272197e-01; 2.9120359431986798e-01; 5.1141630520968284e-01
347; 22; 47; 2.6588468588044112e-01; 8.1169944822612528e-02; 5.7660146622860131e-01; -1.9448958642270198e-02; 5.1962683169779811e-02; 2.9994936928164978e-01
348; 22; 48; 2.6662763338851575e-01; 4.7718775346669706e-01; 5.7660146622860120e-01; 2.3810134759685064e-01; 4.3892691784424975e-01; 5.4900741591488467e-01
349; 23; 24; 9.6130557441201658e-01; 3.6841120176144015e-01; 2.1418779575576194e-01; 3.9808001183874470e-01; 2.5871821518445220e-01; 3.8281349803915049e-01
350; 23; 27; 9.5927653097384213e-01; 1.2048712792830113e-01; 5.7996432357342131e-01; 5.9641416770441991e-02; 3.0466749221148104e-01; 3.1911265803468103e-01
351; 23; 28; 5.5366440469198153e-01; 3.8978463676482711e-01; 1.8757820061827368e-01; 4.9884007141841807e-01; 3.5752916042035993e-01; 2.3582529050508011e-01
352; 23; 29; 9.6078733145957296e-01; 3.0508830704769246e-01; 3.0761167429103742e-01; -2.9002797812844416e-01; 5.8443699503664515e-02; 6.8657814043961807e-01
353; 23; 31; -1.5424621773992137e-01; 3.9557827100555154e-01; 1.8757820061827368e-01; -3.4501238160469860e-01; 3.4790003548015647e-01; 2.6021916493003683e-01
354; 23; 32; 9.5781856928180242e-01; -5.7657802526382251e-02; 8.4279170093366951e-01; 3.1316265592923059e-01; 7.6322826350928061e-02; 6.5291906350081497e-01
355; 23; 36; 2.2768120755788634e-01; -9.6115640114107490e-02; 9.0834240800497035e-01; 4.9775319898828418e-01; 2.3716116915206575e-01; 4.1341228254238283e-01
356; 23; 37; 2.4981709325424983e-01; -9.6296803132792874e-02; 9.0834240800497035e-01; 7.1633878176467758e-01; 1.1793823250282071e-01; 5.8665776211683029e-01
357; 23; 38; 2.3245479682865200e-01; 3.9241345871437439e-01; 1.8757820061827368e-01; 5.5006675736605448e-01; 7.4516882263414685e-02; 6.5272298628385006e-01
358; 23; 40; 9.5935644090919803e-01; 1.3025113610104994e-01; 5.6555892537310370e-01; 9.5491846229297206e-01; 1.2033224579246518e-01; 5.8024543276999940e-01
359; 23; 41; -2.8338946657605740e-01; 1.0110801755426668e-01; 6.2355710275709142e-01; 5.4269494351151870e-01; 2.7005361333109257e-01; 3.6434482011387737e-01
360; 23; 44; 2.8210592078365038e-01; 2.7049462128825535e-01; 3.6684049542552333e-01; 1.0596375373100889e-01; -4.8412650821555145e-02; 8.3943776164175032e-01
361; 23; 46; 6.1517664765005120e-01; 3.8928121242602942e-01; 1.8757820061827368e-01; 6.2575898312475708e-01; 3.1978066742102018e-01; 2.8998168342347230e-01
362; 23; 47; 3.8495041440726130e-01; -9.7402752120823791e-02; 9.0834240800497035e-01; 2.5636827680526003e-01; 3.1604723960362058e-01; 2.9994936928164978e-01
363; 23; 48; 9.6105689271134154e-01; 3.3802536617056084e-01; 2.5901775222360568e-01; 2.8925933089448941e-01; 2.6520939676639088e-01; 3.7455119819674393e-01
364; 24; 27; 3.9097529126098840e-01; 2.8224400032890562e-01; 4.5448384935098873e-01; 4.9890901683789390e-01; 3.5565689464315403e-01; 5.6843887957485695e-01
365; 24; 28; 7.9963022636096492e-01; 4.4647384941628893e-01; 5.6843887957485695e-01; 5.1244432333394685e-01; 3.2786816337790320e-01; 4.7944527457947755e-01
366; 24; 36; 6.1438951513356943e-01; 3.3500316131998020e-01; 4.1341228254238283e-01; 7.5291210677879628e-01; 4.2325832842189992e-01; 5.4301422678676936e-01
367; 24; 38; 3.9437508363195461e-01; 2.7098630426897663e-01; 4.2018773440210094e-01; 5.1121159050888998e-01; 3.5937223709752880e-01; 5.6843887957485695e-01
368; 24; 40; 9.2643254909780537e-01; 4.8476779225917521e-01; 5.6843887957485695e-01; 1.0084210587524176e+00; 4.3318494506490390e-01; 3.5530122333459374e-01
369; 24; 41; 3.8475588221867324e-01; 3.0283826286937354e-01; 5.1722343581837404e-01; 5.2024858652426720e-01; 3.2586544719280208e-01; 4.6727403116434008e-01
370; 24; 46; 7.0516207537469677e-01; 4.1794473499423690e-01; 5.6843887957485695e-01; 6.3773166642809487e-01; 3.1766977067300539e-01; 3.4533987369181390e-01
371; 24; 47; 3.8897041087762496e-01; 2.8888273926636765e-01; 4.7470849856009956e-01; 5.6630562678598872e-01; 3.7601048023568989e-01; 5.6843887957485695e-01
372; 24; 48; 4.0457470697568404e-01; 2.3721240074767749e-01; 3.1729690565055441e-01; 1.2804609219679108e+00; 5.0498115792006459e-01; 3.2638042100221309e-01
373; 25; 34; 1.6571861664685816e-01; 1.0369778187894483e+00; 8.9372904543905873e-01; 1.7584869928269861e-01; 8.1808468889092056e-01; 6.5591498944445692e-01
374; 25; 35; 6.1056778077094276e-01; 8.9575888510670110e-01; 5.4468343329004743e-01; -1.5534189724728154e-01; 5.3563876288768730e-01; 5.0269906840152589e-01
375; 25; 42; 5.9828993586569046e-01; 9.2507887975319680e-01; 5.8141185446563304e-01; 3.8318957987303809e-01; 7.4019847908094838e-01; 4.8036861102181955e-01
376; 25; 43; 2.0341676009702986e-01; 7.7738110775237534e-01; 6.0023007583832555e-01; 6.3724985524819144e-02; 7.5617109199962584e-01; 6.3996933380213628e-01
377; 25; 45; 1.1416036361472620e-01; 1.0153876295023596e+00; 8.9372904543905873e-01; -3.2536889936294749e-02; 5.9524293753794966e-01; 5.1141630520968284e-01
378; 25; 49; 7.4453387920031810e-02; 9.6663104851175130e-01; 8.5948627925244647e-01; -2.0233605067727886e-01; 6.1766318414696797e-01; 6.1109299273478945e-01
379; 26; 30; 2.6660392611175016e-01; 6.4816414321256044e-01; 8.4892503301492628e-01; -8.9771211402724815e-02; 6.3586138519894120e-01; 8.8584015762536550e-01
380; 26; 34; -1.7655191567887640e-02; 6.8497488850785693e-01; 7.9157377941339757e-01; -3.4240453001660082e-01; 5.3128898357564147e-01; 1.0904477944287811e+00
381; 26; 42; 5.3497094611557805e-01; 6.7330323943089698e-01; 7.9157377941339757e-01; 5.5837720776013011e-01; 6.1700152003647979e-01; 8.9546616006521407e-01
382; 26; 45; 2.4536561063771323e-01; 6.7941980109170097e-01; 7.9157377941339757e-01; 5.5741929866998874e-01; 5.7164669508875954e-01; 9.7993748547207782e-01
383; 26; 49; -9.2289602595000964e-02; 6.8655119226038230e-01; 7.9157377941339757e-01; -8.1762702522952813e-02; 6.4984862912611541e-01; 8.5948627925244647e-01
384; 27; 28; 7.0271684961964564e-01; 3.8433624633397556e-01; 6.8846529129663980e-01; 5.1613165276201611e-01; 3.1982877481470834e-01; 5.4547662581591649e-01
385; 27; 29; 7.8730902164863181e-01; 3.3867695249553514e-01; 6.8846529129663991e-01; 2.6473223509613186e-01; 1.1201203824593345e-01; 2.4818354455504210e-01
386; 27; 32; 8.7748449971339271e-01; 2.9000402506946188e-01; 6.8846529129663991e-01; 7.5585769912232670e-01; 3.1458065314247236e-01; 6.5291906350081497e-01
387; 27; 35; 2.0758097422959570e-01; 5.7875251285936691e-01; 6.2542809141531230e-01; 3.4767530376747313e-01; 5.7597272850591508e-01; 6.8846529129663980e-01
388; 27; 36; 7.2777733212110252e-01; 3.7080965271636479e-01; 6.8846529129663980e-01; 4.5422558220605985e-01; 2.0064742385347917e-01; 4.1341228254238283e-01
389; 27; 37; 8.6986261976089641e-01; 2.9411799505043240e-01; 6.8846529129663991e-01; 8.2109735173118292e-01; 2.0280446239088434e-01; 5.8665776211683029e-01
390; 27; 38; 1.6375722635429035e-01; 3.5047820592119250e-02; 1.3440567176761081e-01; 5.7770896152759166e-01; 4.1051128288815164e-01; 6.5272298628385006e-01
391; 27; 40; 9.0155537234562910e-01; 2.7701158120495922e-01; 6.8846529129663991e-01; 9.5565609601890278e-01; 1.2039857503585340e-01; 5.7819645313224055e-01
392; 27; 41; 2.2983708971016459e-01; -6.1930823791006562e-04; 1.3440567176761081e-01; 4.9082549745374604e-01; 3.9902460437072940e-01; 6.0219549509794246e-01
393; 27; 42; 3.7635219007014931e-01; 5.6049415233675404e-01; 6.8846529129663980e-01; 1.4583454751804353e-01; 4.4446957505153228e-01; 4.8036861102181955e-01
394; 27; 44; 5.0112860546835847e-01; 4.9314509534810103e-01; 6.8846529129663980e-01; 2.6536464969950130e-01; 2.4877456547537136e-01; 3.6684049542552333e-01
395; 27; 46; 7.2397902237961631e-01; 3.7285982043775284e-01; 6.8846529129663980e-01; 6.9692460547850865e-01; 3.0723349842047531e-01; 6.1903073308184020e-01
396; 27; 47; 6.9174489022566421e-01; 3.9025844818713962e-01; 6.8846529129663980e-01; 1.6305726041759594e-01; 2.2670547554328552e-01; 2.9994936928164978e-01
397; 27; 48; 2.9237626300017161e-01; 6.0582082308507934e-01; 6.8846529129663980e-01; 2.7042531702428751e-01; 3.2916418916784390e-01; 4.3877794468770814e-01
398; 28; 38; 5.1821734272930620e-01; 3.1528139916072939e-01; 5.8282640144270692e-01; 5.7101943751457818e-01; 3.2919929350834864e-01; 6.5272298628385006e-01
399; 28; 40; 8.7110217122718792e-01; 4.5572724718123964e-01; 7.2809697927517969e-01; 9.9629084615996599e-01; 5.6808251744535254e-01; 3.5530122333459374e-01
400; 28; 41; 5.1226213362872308e-01; 3.2826538685930912e-01; 4.7618268775289296e-01; 5.1821155465387003e-01; 3.3093043321196691e-01; 4.7661497158615135e-01
401; 28; 46; 5.9535121165877303e-01; 4.2632126593692932e-01; 6.9389889643447777e-02; 7.3615002620195613e-01; 3.9410274896984299e-01; 7.2624865775325165e-01
402; 28; 47; 7.2814733402691167e-01; 3.9015987548998488e-01; 7.2809697927517969e-01; 5.1837517979523007e-01; 3.1493727110616032e-01; 5.8565289008210308e-01
403; 28; 48; 5.0710981514326625e-01; 3.3949885300708660e-01; 3.8391684651685726e-01; 1.2996788300428672e+00; 6.8742164875696399e-01; 4.8974548263136530e-01
404; 29; 32; 1.0607931888686923e+00; 4.0812855488026800e-01; 6.8077929729723075e-01; 7.8669329375874697e-01; 3.3117632521710627e-01; 6.5291906350081497e-01
405; 29; 33; 5.8463104772363017e-01; 2.9740010343660706e-01; 7.4352162894876683e-01; 5.8367394440803466e-01; 3.0578317149826451e-01; 7.8531929621846963e-01
406; 29; 35; 1.1286931788561494e-01; 2.0433255075375023e-01; 8.8624936661939779e-01; 3.5436150459709187e-02; 1.8114141055635072e-01; 8.7134702809382536e-01
407; 29; 36; 4.4508739838265582e-01; 1.9298173155773873e-01; 4.1341228254238283e-01; 7.8928469693159231e-01; 3.7989898106924425e-01; 8.8559196589438760e-01
408; 29; 37; 8.9549722986102565e-01; 4.0222167007426213e-01; 8.6008953445437197e-01; 7.4412640514952710e-01; 4.1979920613163069e-01; 1.1356043040752386e+00
409; 29; 38; 2.5394609857345118e-01; 1.0921028672407954e-01; 2.4818354455504210e-01; 5.6647264304293576e-01; 2.7393244596118177e-01; 6.5272298628385006e-01
410; 29; 40; 7.1761447787499089e-01; 4.1802750040458436e-01; 1.1603724531918205e+00; 1.0177242255031083e+00; 3.2972636175041259e-01; 3.5530122333459374e-01
411; 29; 41; 4.5377260796847907e-01; 1.6111619628001878e-01; 2.4818354455504210e-01; -2.8040747160063206e-01; 2.1406833094590960e-02; 4.9513153676619659e-01
412; 29; 42; 4.2744093791986526e-01; 3.2124090845573394e-01; 1.0566850206680660e+00; 2.3265104652206892e-01; 2.3209603510139570e-01; 8.7002552148882240e-01
413; 29; 44; 1.5733664793150925e-01; 1.0861948310670333e-01; 3.6684049542552333e-01; 4.4209936780459008e-01; 3.3599965705624663e-01; 1.1097143854893323e+00
414; 29; 46; 7.2489524505009617e-01; 3.3026735270694041e-01; 7.2624865775325165e-01; 7.0150674043121797e-01; 3.0642562490327119e-01; 6.4021718662117144e-01
415; 29; 47; 1.0454848264314918e+00; 4.6706243459743280e-01; 9.8541336078768382e-01; -2.3860378718700198e-02; 4.7738915528003939e-02; 2.9994936928164978e-01
416; 30; 34; 1.3076114875358824e-01; 1.2910572208651523e+00; 1.2023360017799849e+00; -1.0238725758926667e-01; 6.9019416446494986e-01; 9.1584612585036651e-01
417; 30; 40; 7.9883517996009790e-01; 7.7174799390419291e-01; 8.4892503301492628e-01; 6.3445501521976788e-01; 1.3327145793726098e+00; 1.1628779934240858e+00
418; 30; 42; 6.1818215110906349e-01; 7.2980044425713875e-01; 8.4892503301492628e-01; 8.7039809019245529e-01; 9.6702936925985361e-01; 9.4254699515752383e-01
419; 30; 43; 6.2909217847129972e-01; 7.3233374755871528e-01; 8.4892503301492628e-01; 6.8720749523014268e-02; 6.8211411784250875e-01; 8.9079256062279111e-01
420; 30; 44; 7.2659169282289859e-01; 7.5497308964359022e-01; 8.4892503301492628e-01; 7.9493062247789181e-01; 8.3700522291183022e-01; 8.8359555167154624e-01
421; 30; 45; 3.2828088654888349e-01; 6.6248550486628299e-01; 8.4892503301492628e-01; 3.0092584778132514e-01; 9.1998794413062490e-01; 9.8718727345325197e-01
422; 31; 38; 2.9480664879482393e-02; 8.1083333879513164e-02; -5.2406984008583402e-02; 1.9975158795677539e-01; 6.2185145050535873e-01; 1.1778720690624880e-01
423; 32; 33; 8.2107138232680965e-01; 1.2018889161428342e-01; 7.4352162894876683e-01; 1.3412834353668663e+00; -2.2447972308024400e-01; 9.9013198133375313e-01
424; 32; 36; 4.6500428767002028e-01; 1.5804377116679882e-01; 6.5291906350081497e-01; 2.2186141144658589e-01; -5.2722661600662635e-02; 6.8446647722652898e-01
425; 32; 37; 2.7905880867477156e-01; -1.5899830667576897e-01; 7.3857747567175824e-01; 9.4045798639427125e-01; 3.4672227337374373e-01; 6.7945357839054021e-01
426; 32; 40; 9.0391203850859181e-01; 3.9426328273505823e-01; 6.5291906350081497e-01; 8.9005364715362001e-01; 1.1449949444249012e-01; 7.6042521679468955e-01
427; 32; 47; 3.5417051328431137e-01; 9.8393195389457108e-02; 6.5291906350081497e-01; 2.2357143006429664e-01; -5.5899962325774877e-02; 6.8608422242558254e-01
428; 33; 36; 6.2148833134732984e-01; 2.6977569702389903e-01; 7.4352162894876683e-01; 7.0915292718916512e-01; 2.6806917128466201e-01; 1.0924721880199160e+00
429; 33; 37; 7.1692991522952876e-01; 1.9824256048697003e-01; 7.4352162894876683e-01; 6.3510416484693621e-01; 3.3147892349136887e-01; 1.1356043040752386e+00
430; 33; 40; 7.3046492062694401e-01; 2.6500838171174079e-01; 1.1628779934240860e+00; 8.5823988101899362e-01; 1.1163874802749021e-01; 8.4879666283726685e-01
431; 33; 47; 6.1875909138857188e-01; 2.7182125291966919e-01; 7.4352162894876683e-01; 7.8749481611069938e-01; 1.9493880453305640e-01; 1.0138825726727001e+00
432; 34; 43; 1.3063807825079418e-01; 7.5595547181713130e-01; 6.5591498944445692e-01; 6.5374251822634788e-02; 7.3172244477776660e-01; 7.2277434517859995e-01
433; 34; 45; 7.7292127129005628e-02; 6.8264654348114417e-01; 6.5591498944445692e-01; 1.5418741653025428e-01; 1.1126247323024958e+00; 9.8718727345325197e-01
434; 34; 49; -6.1088533314535176e-02; 6.9177269291531185e-01; 8.5948627925244647e-01; -1.2595486893855501e-01; 5.7999704845111943e-01; 8.3636495358900953e-01
435; 35; 40; 8.1165676809387199e-01; 6.2558215342330303e-01; 8.4981198697757621e-01; 8.0291931685053464e-01; 5.7569326968993273e-01; 8.8624936661939768e-01
436; 35; 42; 5.4082623557711185e-01; 9.3388239229767389e-01; 4.8367642487354928e-01; 3.0335901586918579e-01; 3.0684742837019291e-01; 8.8624936661939779e-01
437; 35; 43; 7.2381607555539540e-01; 7.8880477419184492e-01; 6.8007394598450155e-01; 5.6377096310277497e-01; 8.0169002091638131e-01; 6.0023007583832555e-01
438; 35; 44; 7.2566139472276647e-01; 7.8537586417362304e-01; 6.8363972912469406e-01; 4.4575666548009535e-01; 3.8348085147526029e-01; 8.8624936661939768e-01
439; 35; 45; -3.0200130319969959e-02; 5.9217526219631855e-01; 5.1141630520968284e-01; 4.9545983493580337e-01; 4.5062626325718091e-01; 8.5367434587487845e-01
440; 35; 48; 7.3913529500075492e-01; 7.6033911580800728e-01; 7.0967587901866291e-01; 2.0734970725224133e-01; 5.4335047767581901e-01; 6.5387501462252828e-01
441; 36; 37; 7.9675231761543952e-01; 3.7099691614154434e-01; 9.5592626432182604e-01; 1.8962315139506264e-01; -1.3310656518744624e-01; 9.3183325189646926e-01
442; 36; 38; 3.7834409389129131e-01; 1.3699318449860071e-01; 4.1341228254238283e-01; 5.6375723549764833e-01; 2.4092633236405264e-01; 6.5272298628385006e-01
443; 36; 40; 7.5247303821842515e-01; 3.0440884750316000e-01; 1.0924721880199160e+00; 7.9658694423168841e-01; 3.7119405585468629e-01; 9.5436868374601169e-01
444; 36; 46; 6.6318459953553310e-01; 3.7593559491932982e-01; 4.1341228254238283e-01; 7.3109789203042519e-01; 3.6544781712696761e-01; 7.2624865775325165e-01
445; 36; 47; 7.7789887263896662e-01; 3.9347189155833445e-01; 7.7835379760175960e-01; -6.7471233543269227e-03; -2.3462335976241105e-01; 6.3869077433169297e-01
446; 37; 38; 4.8970914788389652e-01; -6.5657272996381078e-02; 5.8665776211683029e-01; 5.4498450631441209e-01; 1.2741493949878335e-02; 6.5272298628385006e-01
447; 37; 40; 9.3675038011626643e-01; 2.9649642952366811e-01; 5.8665776211683029e-01; 7.2764446238510372e-01; 4.0644697782138650e-01; 1.1356043040752386e+00
448; 37; 47; 8.8995933179166831e-01; 4.0905763160019937e-01; 8.8233879335202225e-01; 2.1961923941343917e-01; -1.7013362871482601e-01; 8.1131988746124817e-01
449; 38; 39; 6.7038803879917772e-02; 5.3760714537754850e-01; -5.2406984008583402e-02; 1.0541424306553741e-01; 6.2961256837724078e-01; -1.0723515200866222e-02
450; 38; 41; 1.2899169431601543e-01; -6.3873412101291854e-02; 9.8376583048174093e-02; 5.0140476970498604e-01; 3.7271973068457426e-01; 5.5368356298679267e-01
451; 38; 44; 5.6661487473476524e-01; 5.9166966814936084e-01; 6.1754545166906061e-01; 3.6360755849373189e-01; 3.7623450872012976e-01; 3.6684049542552333e-01
452; 38; 47; 5.6896467458843547e-01; 3.0422339673250931e-01; 6.5272298628385006e-01; 3.1373919587409033e-01; 3.7097772170315563e-01; 2.9994936928164978e-01
453; 38; 48; 5.5679921248340292e-01; 5.9247720107082724e-01; 6.0417409968394353e-01; 3.0792239744579669e-01; 2.0183509136929267e-01; 3.1090740710708825e-01
454; 40; 42; 8.0318832345167213e-01; 1.0209726130279480e+00; 7.7517747450363061e-01; 7.3004440492607081e-01; 6.9826511040905603e-01; 1.0566850206680658e+00
455; 40; 43; 6.9640726379375373e-01; 6.4375650279765573e-01; 1.1628779934240860e+00; 8.8445174979033858e-01; 8.2332262942193235e-01; 6.0023007583832555e-01
456; 40; 44; 7.9193478243109028e-01; 8.3931434084321710e-01; 8.5119754325785668e-01; 7.1189904556934935e-01; 6.8603664229430816e-01; 1.1097143854893323e+00
457; 40; 46; 8.5803925095315070e-01; 1.3031546748972593e+00; 5.5411747254685695e-01; 8.2963496402791903e-01; 9.2433500939428614e-01; 7.2624865775325154e-01
458; 40; 47; 8.9667049079151584e-01; 6.5780947857357031e-01; 6.0757201842069963e-01; 7.9057282978163823e-01; 1.9788588604400059e-01; 1.0138825726727001e+00
459; 40; 48; 1.0064080390819630e+00; 4.5557131831506514e-01; 3.5530122333459374e-01; 8.3430130878361131e-01; 8.2028330476251665e-01; 7.3917235169736406e-01
460; 41; 44; 4.0178559619068499e-01; 3.7667115521665839e-01; 6.2355710275709164e-01; 1.6629892298966692e-01; 1.2024710167253083e-01; 3.6684049542552333e-01
461; 41; 45; 3.0156455074605881e-01; 3.3636433839964264e-01; 6.2355710275709164e-01; 2.5704610278013096e-01; 2.6901787278701189e-01; 5.4507022386741577e-01
462; 41; 47; 5.0752598369747171e-01; 3.5749961373755185e-01; 5.2561434323432032e-01; -1.0689437228870501e-01; -3.1762988424030095e-02; 2.9994936928164978e-01
463; 41; 48; 5.6962754079490474e-01; 2.0308694939099817e-01; 2.4084366616300695e-01; 5.4802268850377045e-01; 1.9115668324152846e-01; 2.3569834850292165e-01
464; 42; 43; 7.1244308206114271e-01; 6.7633500903868360e-01; 1.0566850206680658e+00; 5.0869973798539603e-01; 7.9797500491810136e-01; 6.0023007583832555e-01
465; 42; 44; 3.1313144200245036e-01; 1.7881872506063723e-01; 1.0566850206680660e+00; 8.0721239306367909e-01; 8.2753874397911831e-01; 1.0164146944018673e+00
466; 42; 45; 1.2322549860154913e-01; 3.9075958583460829e-01; 5.1141630520968284e-01; 5.7418929845899447e-01; 5.6125033862058560e-01; 9.8718727345325197e-01
467; 42; 48; 5.5149710129619456e-01; 7.3700043937636539e-01; 7.3917235169736406e-01; 2.2950219446984726e-01; 4.6812712215841967e-01; 5.7833178785871320e-01
468; 43; 44; 7.3483541419653897e-01; 8.1322975280351117e-01; 6.0023007583832555e-01; 6.9119327530599661e-01; 6.5917306165528566e-01; 1.1097143854893323e+00
469; 43; 45; 6.4589762702396761e-02; 7.4335167516675149e-01; 6.8338735800008465e-01; 4.8263241120680644e-01; 6.8144533147217301e-01; 9.8718727345325197e-01
470; 43; 46; 7.8251100019473474e-01; 8.1644587091842813e-01; 6.0023007583832555e-01; 8.0428210945506340e-01; 7.8053749825507424e-01; 7.2624865775325165e-01
471; 43; 48; 9.5082708037595354e-01; 8.0122052522236664e-01; 6.8984485786264793e-01; 6.5126947756204157e-01; 7.6638235506860164e-01; 7.3917235169736406e-01
472; 44; 45; 5.8585330904350830e-01; 5.4593793874656105e-01; 9.8718727345325197e-01; 4.8307220620988345e-01; 4.4119015697959701e-01; 8.3763972718009283e-01
473; 44; 46; 7.3863727010272329e-01; 8.6279650432329069e-01; 3.6684049542552333e-01; 7.5229073220025255e-01; 8.6987097465234309e-01; 4.2247362847386072e-01
474; 44; 47; 3.1505904266570500e-01; 3.1324786522590786e-01; 3.6684049542552333e-01; 7.3266811741923482e-02; -2.3210672789009089e-02; 4.8584218073105290e-01
475; 44; 48; 7.3915655388352730e-01; 7.9226417490252465e-01; 7.3917235169736406e-01; 2.8681017406333065e-01; 2.7352601571840185e-01; 3.8290318179384208e-01
476; 45; 48; 2.1337915215150671e-01; 6.3742825870252751e-01; 7.3917235169736406e-01; 1.9708749832287695e-01; 5.7819793218981530e-01; 6.8887065049101404e-01
477; 45; 49; -1.6782471255549189e-01; 7.7284747784775165e-01; 5.1141630520968284e-01; 8.8224140718271671e-02; 9.9455603610949239e-01; 8.5948627925244636e-01
478; 46; 47; 7.3728474451527937e-01; 4.0053869758584848e-01; 7.2624865775325165e-01; 7.0266223138697903e-01; 7.4335679784636055e-01; 2.9994936928164978e-01
479; 46; 48; 8.0742871952156203e-01; 7.9838458899540177e-01; 7.2624865775325165e-01; 6.3434290240951730e-01; 3.1826724166303910e-01; 3.2967121875774175e-01
480; 47; 48; 8.8654373061074498e-01; 6.6838614778444139e-01; 5.8458542523719903e-01; 2.8701281826527425e-01; 2.7283789538696446e-01; 3.8221213537772547e-01
